layer_name,format_a_columns,format_b_columns,common_columns,missing_in_a_count,missing_in_b_count,type_mismatches_count,columns_match,missing_in_a,missing_in_b,column_name,format_a_type,format_b_type
ctnare,29.0,30.0,28.0,2.0,1.0,12.0,False,"ogc_fid, wkb_geometry",geometry,,,
ctnare_TYPE_MISMATCH,,,,,,,,,,objl,int32,float64
ctnare_TYPE_MISMATCH,,,,,,,,,,grup,int32,float64
ctnare_TYPE_MISMATCH,,,,,,,,,,rcid,int32,float64
ctnare_TYPE_MISMATCH,,,,,,,,,,scamin,int32,int64
ctnare_TYPE_MISMATCH,,,,,,,,,,dsid_updn,int32,int64
ctnare_TYPE_MISMATCH,,,,,,,,,,fids,int32,float64
ctnare_TYPE_MISMATCH,,,,,,,,,,scamax,float64,object
ctnare_TYPE_MISMATCH,,,,,,,,,,agen,int32,float64
ctnare_TYPE_MISMATCH,,,,,,,,,,fidn,int32,float64
ctnare_TYPE_MISMATCH,,,,,,,,,,prim,int32,float64
ctnare_TYPE_MISMATCH,,,,,,,,,,rver,int32,float64
ctnare_TYPE_MISMATCH,,,,,,,,,,dsid_edtn,int32,int64
fshzne,29.0,30.0,28.0,2.0,1.0,12.0,False,"ogc_fid, wkb_geometry",geometry,,,
fshzne_TYPE_MISMATCH,,,,,,,,,,objl,int32,float64
fshzne_TYPE_MISMATCH,,,,,,,,,,grup,int32,float64
fshzne_TYPE_MISMATCH,,,,,,,,,,rcid,int32,float64
fshzne_TYPE_MISMATCH,,,,,,,,,,scamin,int32,int64
fshzne_TYPE_MISMATCH,,,,,,,,,,dsid_updn,int32,int64
fshzne_TYPE_MISMATCH,,,,,,,,,,fids,int32,float64
fshzne_TYPE_MISMATCH,,,,,,,,,,scamax,float64,object
fshzne_TYPE_MISMATCH,,,,,,,,,,agen,int32,float64
fshzne_TYPE_MISMATCH,,,,,,,,,,fidn,int32,float64
fshzne_TYPE_MISMATCH,,,,,,,,,,prim,int32,float64
fshzne_TYPE_MISMATCH,,,,,,,,,,rver,int32,float64
fshzne_TYPE_MISMATCH,,,,,,,,,,dsid_edtn,int32,int64
depcnt,28.0,29.0,27.0,2.0,1.0,14.0,False,"ogc_fid, wkb_geometry",geometry,,,
depcnt_TYPE_MISMATCH,,,,,,,,,,objl,int32,float64
depcnt_TYPE_MISMATCH,,,,,,,,,,verdat,float64,object
depcnt_TYPE_MISMATCH,,,,,,,,,,hypcat,float64,object
depcnt_TYPE_MISMATCH,,,,,,,,,,grup,int32,float64
depcnt_TYPE_MISMATCH,,,,,,,,,,rcid,int32,float64
depcnt_TYPE_MISMATCH,,,,,,,,,,scamin,int32,int64
depcnt_TYPE_MISMATCH,,,,,,,,,,dsid_updn,int32,int64
depcnt_TYPE_MISMATCH,,,,,,,,,,fids,int32,float64
depcnt_TYPE_MISMATCH,,,,,,,,,,scamax,float64,object
depcnt_TYPE_MISMATCH,,,,,,,,,,agen,int32,float64
depcnt_TYPE_MISMATCH,,,,,,,,,,fidn,int32,float64
depcnt_TYPE_MISMATCH,,,,,,,,,,prim,int32,float64
depcnt_TYPE_MISMATCH,,,,,,,,,,rver,int32,float64
depcnt_TYPE_MISMATCH,,,,,,,,,,dsid_edtn,int32,int64
connectednode,10.0,11.0,9.0,2.0,1.0,8.0,False,"ogc_fid, wkb_geometry",geometry,,,
connectednode_TYPE_MISMATCH,,,,,,,,,,rcid,int32,object
connectednode_TYPE_MISMATCH,,,,,,,,,,dsid_updn,int32,object
connectednode_TYPE_MISMATCH,,,,,,,,,,rver,int32,object
connectednode_TYPE_MISMATCH,,,,,,,,,,dsid_edtn,int32,object
connectednode_TYPE_MISMATCH,,,,,,,,,,ruin,int32,object
connectednode_TYPE_MISMATCH,,,,,,,,,,rcnm,int32,object
connectednode_TYPE_MISMATCH,,,,,,,,,,posacc,float64,object
connectednode_TYPE_MISMATCH,,,,,,,,,,quapos,int32,object
pilpnt,38.0,39.0,37.0,2.0,1.0,18.0,False,"ogc_fid, wkb_geometry",geometry,,,
pilpnt_TYPE_MISMATCH,,,,,,,,,,objl,int32,float64
pilpnt_TYPE_MISMATCH,,,,,,,,,,verdat,float64,object
pilpnt_TYPE_MISMATCH,,,,,,,,,,grup,int32,float64
pilpnt_TYPE_MISMATCH,,,,,,,,,,rcid,int32,float64
pilpnt_TYPE_MISMATCH,,,,,,,,,,scamin,int32,int64
pilpnt_TYPE_MISMATCH,,,,,,,,,,dsid_updn,int32,int64
pilpnt_TYPE_MISMATCH,,,,,,,,,,fids,int32,float64
pilpnt_TYPE_MISMATCH,,,,,,,,,,scamax,float64,object
pilpnt_TYPE_MISMATCH,,,,,,,,,,condtn,float64,object
pilpnt_TYPE_MISMATCH,,,,,,,,,,veracc,float64,object
pilpnt_TYPE_MISMATCH,,,,,,,,,,agen,int32,float64
pilpnt_TYPE_MISMATCH,,,,,,,,,,fidn,int32,float64
pilpnt_TYPE_MISMATCH,,,,,,,,,,verlen,float64,object
pilpnt_TYPE_MISMATCH,,,,,,,,,,height,float64,object
pilpnt_TYPE_MISMATCH,,,,,,,,,,prim,int32,float64
pilpnt_TYPE_MISMATCH,,,,,,,,,,rver,int32,float64
pilpnt_TYPE_MISMATCH,,,,,,,,,,dsid_edtn,int32,int64
pilpnt_TYPE_MISMATCH,,,,,,,,,,convis,float64,object
cblohd,39.0,40.0,38.0,2.0,1.0,21.0,False,"ogc_fid, wkb_geometry",geometry,,,
cblohd_TYPE_MISMATCH,,,,,,,,,,objl,int32,float64
cblohd_TYPE_MISMATCH,,,,,,,,,,vercsa,float64,object
cblohd_TYPE_MISMATCH,,,,,,,,,,verdat,float64,object
cblohd_TYPE_MISMATCH,,,,,,,,,,verclr,float64,object
cblohd_TYPE_MISMATCH,,,,,,,,,,grup,int32,float64
cblohd_TYPE_MISMATCH,,,,,,,,,,rcid,int32,float64
cblohd_TYPE_MISMATCH,,,,,,,,,,scamin,int32,int64
cblohd_TYPE_MISMATCH,,,,,,,,,,dsid_updn,int32,int64
cblohd_TYPE_MISMATCH,,,,,,,,,,fids,int32,float64
cblohd_TYPE_MISMATCH,,,,,,,,,,scamax,float64,object
cblohd_TYPE_MISMATCH,,,,,,,,,,condtn,float64,object
cblohd_TYPE_MISMATCH,,,,,,,,,,veracc,float64,object
cblohd_TYPE_MISMATCH,,,,,,,,,,agen,int32,float64
cblohd_TYPE_MISMATCH,,,,,,,,,,fidn,int32,float64
cblohd_TYPE_MISMATCH,,,,,,,,,,conrad,float64,object
cblohd_TYPE_MISMATCH,,,,,,,,,,prim,int32,float64
cblohd_TYPE_MISMATCH,,,,,,,,,,rver,int32,float64
cblohd_TYPE_MISMATCH,,,,,,,,,,icefac,float64,object
cblohd_TYPE_MISMATCH,,,,,,,,,,dsid_edtn,int32,int64
cblohd_TYPE_MISMATCH,,,,,,,,,,catcbl,int32,int64
cblohd_TYPE_MISMATCH,,,,,,,,,,convis,float64,object
topmar,39.0,40.0,38.0,2.0,1.0,18.0,False,"ogc_fid, wkb_geometry",geometry,,,
topmar_TYPE_MISMATCH,,,,,,,,,,objl,int32,float64
topmar_TYPE_MISMATCH,,,,,,,,,,verdat,float64,object
topmar_TYPE_MISMATCH,,,,,,,,,,topshp,int32,int64
topmar_TYPE_MISMATCH,,,,,,,,,,grup,int32,float64
topmar_TYPE_MISMATCH,,,,,,,,,,rcid,int32,float64
topmar_TYPE_MISMATCH,,,,,,,,,,scamin,int32,int64
topmar_TYPE_MISMATCH,,,,,,,,,,dsid_updn,int32,int64
topmar_TYPE_MISMATCH,,,,,,,,,,fids,int32,float64
topmar_TYPE_MISMATCH,,,,,,,,,,scamax,float64,object
topmar_TYPE_MISMATCH,,,,,,,,,,marsys,float64,object
topmar_TYPE_MISMATCH,,,,,,,,,,veracc,float64,object
topmar_TYPE_MISMATCH,,,,,,,,,,agen,int32,float64
topmar_TYPE_MISMATCH,,,,,,,,,,fidn,int32,float64
topmar_TYPE_MISMATCH,,,,,,,,,,verlen,float64,object
topmar_TYPE_MISMATCH,,,,,,,,,,height,float64,object
topmar_TYPE_MISMATCH,,,,,,,,,,prim,int32,float64
topmar_TYPE_MISMATCH,,,,,,,,,,rver,int32,float64
topmar_TYPE_MISMATCH,,,,,,,,,,dsid_edtn,int32,int64
lndrgn,31.0,32.0,30.0,2.0,1.0,13.0,False,"ogc_fid, wkb_geometry",geometry,,,
lndrgn_TYPE_MISMATCH,,,,,,,,,,objl,int32,float64
lndrgn_TYPE_MISMATCH,,,,,,,,,,grup,int32,float64
lndrgn_TYPE_MISMATCH,,,,,,,,,,rcid,int32,float64
lndrgn_TYPE_MISMATCH,,,,,,,,,,scamin,int32,int64
lndrgn_TYPE_MISMATCH,,,,,,,,,,dsid_updn,int32,int64
lndrgn_TYPE_MISMATCH,,,,,,,,,,fids,int32,float64
lndrgn_TYPE_MISMATCH,,,,,,,,,,scamax,float64,object
lndrgn_TYPE_MISMATCH,,,,,,,,,,agen,int32,float64
lndrgn_TYPE_MISMATCH,,,,,,,,,,fidn,int32,float64
lndrgn_TYPE_MISMATCH,,,,,,,,,,prim,int32,float64
lndrgn_TYPE_MISMATCH,,,,,,,,,,rver,int32,float64
lndrgn_TYPE_MISMATCH,,,,,,,,,,dsid_edtn,int32,int64
lndrgn_TYPE_MISMATCH,,,,,,,,,,watlev,float64,object
m_qual,33.0,34.0,32.0,2.0,1.0,17.0,False,"ogc_fid, wkb_geometry",geometry,,,
m_qual_TYPE_MISMATCH,,,,,,,,,,objl,int32,float64
m_qual_TYPE_MISMATCH,,,,,,,,,,drval1,float64,object
m_qual_TYPE_MISMATCH,,,,,,,,,,verdat,float64,object
m_qual_TYPE_MISMATCH,,,,,,,,,,posacc,float64,object
m_qual_TYPE_MISMATCH,,,,,,,,,,grup,int32,float64
m_qual_TYPE_MISMATCH,,,,,,,,,,rcid,int32,float64
m_qual_TYPE_MISMATCH,,,,,,,,,,dsid_updn,int32,int64
m_qual_TYPE_MISMATCH,,,,,,,,,,fids,int32,float64
m_qual_TYPE_MISMATCH,,,,,,,,,,catqua,float64,object
m_qual_TYPE_MISMATCH,,,,,,,,,,agen,int32,float64
m_qual_TYPE_MISMATCH,,,,,,,,,,fidn,int32,float64
m_qual_TYPE_MISMATCH,,,,,,,,,,souacc,float64,object
m_qual_TYPE_MISMATCH,,,,,,,,,,drval2,float64,object
m_qual_TYPE_MISMATCH,,,,,,,,,,prim,int32,float64
m_qual_TYPE_MISMATCH,,,,,,,,,,rver,int32,float64
m_qual_TYPE_MISMATCH,,,,,,,,,,dsid_edtn,int32,int64
m_qual_TYPE_MISMATCH,,,,,,,,,,catzoc,int32,int64
unsare,25.0,26.0,24.0,2.0,1.0,12.0,False,"ogc_fid, wkb_geometry",geometry,,,
unsare_TYPE_MISMATCH,,,,,,,,,,objl,int32,float64
unsare_TYPE_MISMATCH,,,,,,,,,,grup,int32,float64
unsare_TYPE_MISMATCH,,,,,,,,,,rcid,int32,float64
unsare_TYPE_MISMATCH,,,,,,,,,,scamin,float64,object
unsare_TYPE_MISMATCH,,,,,,,,,,dsid_updn,int32,int64
unsare_TYPE_MISMATCH,,,,,,,,,,fids,int32,float64
unsare_TYPE_MISMATCH,,,,,,,,,,scamax,float64,object
unsare_TYPE_MISMATCH,,,,,,,,,,agen,int32,float64
unsare_TYPE_MISMATCH,,,,,,,,,,fidn,int32,float64
unsare_TYPE_MISMATCH,,,,,,,,,,prim,int32,float64
unsare_TYPE_MISMATCH,,,,,,,,,,rver,int32,float64
unsare_TYPE_MISMATCH,,,,,,,,,,dsid_edtn,int32,int64
slotop,37.0,38.0,36.0,2.0,1.0,18.0,False,"ogc_fid, wkb_geometry",geometry,,,
slotop_TYPE_MISMATCH,,,,,,,,,,objl,int32,float64
slotop_TYPE_MISMATCH,,,,,,,,,,verdat,float64,object
slotop_TYPE_MISMATCH,,,,,,,,,,grup,int32,float64
slotop_TYPE_MISMATCH,,,,,,,,,,rcid,int32,float64
slotop_TYPE_MISMATCH,,,,,,,,,,scamin,int32,int64
slotop_TYPE_MISMATCH,,,,,,,,,,dsid_updn,int32,int64
slotop_TYPE_MISMATCH,,,,,,,,,,fids,int32,float64
slotop_TYPE_MISMATCH,,,,,,,,,,scamax,float64,object
slotop_TYPE_MISMATCH,,,,,,,,,,veracc,float64,object
slotop_TYPE_MISMATCH,,,,,,,,,,agen,int32,float64
slotop_TYPE_MISMATCH,,,,,,,,,,fidn,int32,float64
slotop_TYPE_MISMATCH,,,,,,,,,,catslo,int32,int64
slotop_TYPE_MISMATCH,,,,,,,,,,conrad,float64,object
slotop_TYPE_MISMATCH,,,,,,,,,,prim,int32,float64
slotop_TYPE_MISMATCH,,,,,,,,,,rver,int32,float64
slotop_TYPE_MISMATCH,,,,,,,,,,elevat,float64,object
slotop_TYPE_MISMATCH,,,,,,,,,,dsid_edtn,int32,int64
slotop_TYPE_MISMATCH,,,,,,,,,,convis,float64,object
boyspp,42.0,43.0,41.0,2.0,1.0,14.0,False,"ogc_fid, wkb_geometry",geometry,,,
boyspp_TYPE_MISMATCH,,,,,,,,,,objl,int32,float64
boyspp_TYPE_MISMATCH,,,,,,,,,,grup,int32,float64
boyspp_TYPE_MISMATCH,,,,,,,,,,rcid,int32,float64
boyspp_TYPE_MISMATCH,,,,,,,,,,scamin,int32,int64
boyspp_TYPE_MISMATCH,,,,,,,,,,dsid_updn,int32,int64
boyspp_TYPE_MISMATCH,,,,,,,,,,fids,int32,float64
boyspp_TYPE_MISMATCH,,,,,,,,,,scamax,float64,object
boyspp_TYPE_MISMATCH,,,,,,,,,,veracc,float64,object
boyspp_TYPE_MISMATCH,,,,,,,,,,agen,int32,float64
boyspp_TYPE_MISMATCH,,,,,,,,,,fidn,int32,float64
boyspp_TYPE_MISMATCH,,,,,,,,,,verlen,float64,object
boyspp_TYPE_MISMATCH,,,,,,,,,,prim,int32,float64
boyspp_TYPE_MISMATCH,,,,,,,,,,rver,int32,float64
boyspp_TYPE_MISMATCH,,,,,,,,,,dsid_edtn,int32,int64
mipare,34.0,35.0,33.0,2.0,1.0,12.0,False,"ogc_fid, wkb_geometry",geometry,,,
mipare_TYPE_MISMATCH,,,,,,,,,,objl,int32,float64
mipare_TYPE_MISMATCH,,,,,,,,,,grup,int32,float64
mipare_TYPE_MISMATCH,,,,,,,,,,rcid,int32,float64
mipare_TYPE_MISMATCH,,,,,,,,,,scamin,int32,int64
mipare_TYPE_MISMATCH,,,,,,,,,,dsid_updn,int32,int64
mipare_TYPE_MISMATCH,,,,,,,,,,fids,int32,float64
mipare_TYPE_MISMATCH,,,,,,,,,,scamax,float64,object
mipare_TYPE_MISMATCH,,,,,,,,,,agen,int32,float64
mipare_TYPE_MISMATCH,,,,,,,,,,fidn,int32,float64
mipare_TYPE_MISMATCH,,,,,,,,,,prim,int32,float64
mipare_TYPE_MISMATCH,,,,,,,,,,rver,int32,float64
mipare_TYPE_MISMATCH,,,,,,,,,,dsid_edtn,int32,int64
hrbfac,35.0,36.0,34.0,2.0,1.0,13.0,False,"ogc_fid, wkb_geometry",geometry,,,
hrbfac_TYPE_MISMATCH,,,,,,,,,,objl,int32,float64
hrbfac_TYPE_MISMATCH,,,,,,,,,,grup,int32,float64
hrbfac_TYPE_MISMATCH,,,,,,,,,,rcid,int32,float64
hrbfac_TYPE_MISMATCH,,,,,,,,,,scamin,int32,int64
hrbfac_TYPE_MISMATCH,,,,,,,,,,dsid_updn,int32,int64
hrbfac_TYPE_MISMATCH,,,,,,,,,,fids,int32,float64
hrbfac_TYPE_MISMATCH,,,,,,,,,,scamax,float64,object
hrbfac_TYPE_MISMATCH,,,,,,,,,,condtn,float64,object
hrbfac_TYPE_MISMATCH,,,,,,,,,,agen,int32,float64
hrbfac_TYPE_MISMATCH,,,,,,,,,,fidn,int32,float64
hrbfac_TYPE_MISMATCH,,,,,,,,,,prim,int32,float64
hrbfac_TYPE_MISMATCH,,,,,,,,,,rver,int32,float64
hrbfac_TYPE_MISMATCH,,,,,,,,,,dsid_edtn,int32,int64
m_npub,25.0,26.0,24.0,2.0,1.0,10.0,False,"ogc_fid, wkb_geometry",geometry,,,
m_npub_TYPE_MISMATCH,,,,,,,,,,objl,int32,float64
m_npub_TYPE_MISMATCH,,,,,,,,,,grup,int32,float64
m_npub_TYPE_MISMATCH,,,,,,,,,,rcid,int32,float64
m_npub_TYPE_MISMATCH,,,,,,,,,,dsid_updn,int32,int64
m_npub_TYPE_MISMATCH,,,,,,,,,,fids,int32,float64
m_npub_TYPE_MISMATCH,,,,,,,,,,agen,int32,float64
m_npub_TYPE_MISMATCH,,,,,,,,,,fidn,int32,float64
m_npub_TYPE_MISMATCH,,,,,,,,,,prim,int32,float64
m_npub_TYPE_MISMATCH,,,,,,,,,,rver,int32,float64
m_npub_TYPE_MISMATCH,,,,,,,,,,dsid_edtn,int32,int64
airare,32.0,33.0,31.0,2.0,1.0,14.0,False,"ogc_fid, wkb_geometry",geometry,,,
airare_TYPE_MISMATCH,,,,,,,,,,objl,int32,float64
airare_TYPE_MISMATCH,,,,,,,,,,grup,int32,float64
airare_TYPE_MISMATCH,,,,,,,,,,rcid,int32,float64
airare_TYPE_MISMATCH,,,,,,,,,,scamin,int32,int64
airare_TYPE_MISMATCH,,,,,,,,,,dsid_updn,int32,int64
airare_TYPE_MISMATCH,,,,,,,,,,fids,int32,float64
airare_TYPE_MISMATCH,,,,,,,,,,scamax,float64,object
airare_TYPE_MISMATCH,,,,,,,,,,condtn,float64,object
airare_TYPE_MISMATCH,,,,,,,,,,agen,int32,float64
airare_TYPE_MISMATCH,,,,,,,,,,fidn,int32,float64
airare_TYPE_MISMATCH,,,,,,,,,,prim,int32,float64
airare_TYPE_MISMATCH,,,,,,,,,,rver,int32,float64
airare_TYPE_MISMATCH,,,,,,,,,,dsid_edtn,int32,int64
airare_TYPE_MISMATCH,,,,,,,,,,convis,float64,object
rivers,28.0,29.0,27.0,2.0,1.0,12.0,False,"ogc_fid, wkb_geometry",geometry,,,
rivers_TYPE_MISMATCH,,,,,,,,,,objl,int32,float64
rivers_TYPE_MISMATCH,,,,,,,,,,grup,int32,float64
rivers_TYPE_MISMATCH,,,,,,,,,,rcid,int32,float64
rivers_TYPE_MISMATCH,,,,,,,,,,scamin,int32,int64
rivers_TYPE_MISMATCH,,,,,,,,,,dsid_updn,int32,int64
rivers_TYPE_MISMATCH,,,,,,,,,,fids,int32,float64
rivers_TYPE_MISMATCH,,,,,,,,,,scamax,float64,object
rivers_TYPE_MISMATCH,,,,,,,,,,agen,int32,float64
rivers_TYPE_MISMATCH,,,,,,,,,,fidn,int32,float64
rivers_TYPE_MISMATCH,,,,,,,,,,prim,int32,float64
rivers_TYPE_MISMATCH,,,,,,,,,,rver,int32,float64
rivers_TYPE_MISMATCH,,,,,,,,,,dsid_edtn,int32,int64
edge,22.0,23.0,21.0,2.0,1.0,20.0,False,"ogc_fid, wkb_geometry",geometry,,,
edge_TYPE_MISMATCH,,,,,,,,,,name_rcid_0,int32,object
edge_TYPE_MISMATCH,,,,,,,,,,name_rcnm_1,int32,object
edge_TYPE_MISMATCH,,,,,,,,,,topi_0,int32,object
edge_TYPE_MISMATCH,,,,,,,,,,posacc,float64,object
edge_TYPE_MISMATCH,,,,,,,,,,mask_1,int32,object
edge_TYPE_MISMATCH,,,,,,,,,,name_rcid_1,int32,object
edge_TYPE_MISMATCH,,,,,,,,,,rcid,int32,object
edge_TYPE_MISMATCH,,,,,,,,,,dsid_updn,int32,object
edge_TYPE_MISMATCH,,,,,,,,,,ruin,int32,object
edge_TYPE_MISMATCH,,,,,,,,,,rcnm,int32,object
edge_TYPE_MISMATCH,,,,,,,,,,usag_1,int32,object
edge_TYPE_MISMATCH,,,,,,,,,,name_rcnm_0,int32,object
edge_TYPE_MISMATCH,,,,,,,,,,usag_0,int32,object
edge_TYPE_MISMATCH,,,,,,,,,,ornt_1,int32,object
edge_TYPE_MISMATCH,,,,,,,,,,quapos,int32,object
edge_TYPE_MISMATCH,,,,,,,,,,ornt_0,int32,object
edge_TYPE_MISMATCH,,,,,,,,,,topi_1,int32,object
edge_TYPE_MISMATCH,,,,,,,,,,rver,int32,object
edge_TYPE_MISMATCH,,,,,,,,,,dsid_edtn,int32,object
edge_TYPE_MISMATCH,,,,,,,,,,mask_0,int32,object
dmpgrd,30.0,31.0,29.0,2.0,1.0,12.0,False,"ogc_fid, wkb_geometry",geometry,,,
dmpgrd_TYPE_MISMATCH,,,,,,,,,,objl,int32,float64
dmpgrd_TYPE_MISMATCH,,,,,,,,,,grup,int32,float64
dmpgrd_TYPE_MISMATCH,,,,,,,,,,rcid,int32,float64
dmpgrd_TYPE_MISMATCH,,,,,,,,,,scamin,int32,int64
dmpgrd_TYPE_MISMATCH,,,,,,,,,,dsid_updn,int32,int64
dmpgrd_TYPE_MISMATCH,,,,,,,,,,fids,int32,float64
dmpgrd_TYPE_MISMATCH,,,,,,,,,,scamax,float64,object
dmpgrd_TYPE_MISMATCH,,,,,,,,,,agen,int32,float64
dmpgrd_TYPE_MISMATCH,,,,,,,,,,fidn,int32,float64
dmpgrd_TYPE_MISMATCH,,,,,,,,,,prim,int32,float64
dmpgrd_TYPE_MISMATCH,,,,,,,,,,rver,int32,float64
dmpgrd_TYPE_MISMATCH,,,,,,,,,,dsid_edtn,int32,int64
m_covr,22.0,23.0,21.0,2.0,1.0,11.0,False,"ogc_fid, wkb_geometry",geometry,,,
m_covr_TYPE_MISMATCH,,,,,,,,,,objl,int32,float64
m_covr_TYPE_MISMATCH,,,,,,,,,,grup,int32,float64
m_covr_TYPE_MISMATCH,,,,,,,,,,rcid,int32,float64
m_covr_TYPE_MISMATCH,,,,,,,,,,dsid_updn,int32,int64
m_covr_TYPE_MISMATCH,,,,,,,,,,fids,int32,float64
m_covr_TYPE_MISMATCH,,,,,,,,,,catcov,int32,int64
m_covr_TYPE_MISMATCH,,,,,,,,,,agen,int32,float64
m_covr_TYPE_MISMATCH,,,,,,,,,,fidn,int32,float64
m_covr_TYPE_MISMATCH,,,,,,,,,,prim,int32,float64
m_covr_TYPE_MISMATCH,,,,,,,,,,rver,int32,float64
m_covr_TYPE_MISMATCH,,,,,,,,,,dsid_edtn,int32,int64
cblare,32.0,33.0,31.0,2.0,1.0,12.0,False,"ogc_fid, wkb_geometry",geometry,,,
cblare_TYPE_MISMATCH,,,,,,,,,,objl,int32,float64
cblare_TYPE_MISMATCH,,,,,,,,,,grup,int32,float64
cblare_TYPE_MISMATCH,,,,,,,,,,rcid,int32,float64
cblare_TYPE_MISMATCH,,,,,,,,,,scamin,int32,int64
cblare_TYPE_MISMATCH,,,,,,,,,,dsid_updn,int32,int64
cblare_TYPE_MISMATCH,,,,,,,,,,fids,int32,float64
cblare_TYPE_MISMATCH,,,,,,,,,,scamax,float64,object
cblare_TYPE_MISMATCH,,,,,,,,,,agen,int32,float64
cblare_TYPE_MISMATCH,,,,,,,,,,fidn,int32,float64
cblare_TYPE_MISMATCH,,,,,,,,,,prim,int32,float64
cblare_TYPE_MISMATCH,,,,,,,,,,rver,int32,float64
cblare_TYPE_MISMATCH,,,,,,,,,,dsid_edtn,int32,int64
ofsplf,43.0,44.0,42.0,2.0,1.0,19.0,False,"ogc_fid, wkb_geometry",geometry,,,
ofsplf_TYPE_MISMATCH,,,,,,,,,,objl,int32,float64
ofsplf_TYPE_MISMATCH,,,,,,,,,,verdat,float64,object
ofsplf_TYPE_MISMATCH,,,,,,,,,,grup,int32,float64
ofsplf_TYPE_MISMATCH,,,,,,,,,,rcid,int32,float64
ofsplf_TYPE_MISMATCH,,,,,,,,,,scamin,int32,int64
ofsplf_TYPE_MISMATCH,,,,,,,,,,dsid_updn,int32,int64
ofsplf_TYPE_MISMATCH,,,,,,,,,,fids,int32,float64
ofsplf_TYPE_MISMATCH,,,,,,,,,,scamax,float64,object
ofsplf_TYPE_MISMATCH,,,,,,,,,,condtn,float64,object
ofsplf_TYPE_MISMATCH,,,,,,,,,,veracc,float64,object
ofsplf_TYPE_MISMATCH,,,,,,,,,,agen,int32,float64
ofsplf_TYPE_MISMATCH,,,,,,,,,,fidn,int32,float64
ofsplf_TYPE_MISMATCH,,,,,,,,,,verlen,float64,object
ofsplf_TYPE_MISMATCH,,,,,,,,,,height,float64,object
ofsplf_TYPE_MISMATCH,,,,,,,,,,conrad,float64,object
ofsplf_TYPE_MISMATCH,,,,,,,,,,prim,int32,float64
ofsplf_TYPE_MISMATCH,,,,,,,,,,rver,int32,float64
ofsplf_TYPE_MISMATCH,,,,,,,,,,dsid_edtn,int32,int64
ofsplf_TYPE_MISMATCH,,,,,,,,,,convis,float64,object
rtpbcn,39.0,40.0,38.0,2.0,1.0,16.0,False,"ogc_fid, wkb_geometry",geometry,,,
rtpbcn_TYPE_MISMATCH,,,,,,,,,,objl,int32,float64
rtpbcn_TYPE_MISMATCH,,,,,,,,,,grup,int32,float64
rtpbcn_TYPE_MISMATCH,,,,,,,,,,rcid,int32,float64
rtpbcn_TYPE_MISMATCH,,,,,,,,,,scamin,int32,int64
rtpbcn_TYPE_MISMATCH,,,,,,,,,,dsid_updn,int32,int64
rtpbcn_TYPE_MISMATCH,,,,,,,,,,catrtb,int32,int64
rtpbcn_TYPE_MISMATCH,,,,,,,,,,fids,int32,float64
rtpbcn_TYPE_MISMATCH,,,,,,,,,,scamax,float64,object
rtpbcn_TYPE_MISMATCH,,,,,,,,,,valmxr,float64,object
rtpbcn_TYPE_MISMATCH,,,,,,,,,,agen,int32,float64
rtpbcn_TYPE_MISMATCH,,,,,,,,,,fidn,int32,float64
rtpbcn_TYPE_MISMATCH,,,,,,,,,,sectr1,float64,object
rtpbcn_TYPE_MISMATCH,,,,,,,,,,sectr2,float64,object
rtpbcn_TYPE_MISMATCH,,,,,,,,,,prim,int32,float64
rtpbcn_TYPE_MISMATCH,,,,,,,,,,rver,int32,float64
rtpbcn_TYPE_MISMATCH,,,,,,,,,,dsid_edtn,int32,int64
cgusta,32.0,33.0,31.0,2.0,1.0,12.0,False,"ogc_fid, wkb_geometry",geometry,,,
cgusta_TYPE_MISMATCH,,,,,,,,,,objl,int32,float64
cgusta_TYPE_MISMATCH,,,,,,,,,,grup,int32,float64
cgusta_TYPE_MISMATCH,,,,,,,,,,rcid,int32,float64
cgusta_TYPE_MISMATCH,,,,,,,,,,scamin,int32,int64
cgusta_TYPE_MISMATCH,,,,,,,,,,dsid_updn,int32,int64
cgusta_TYPE_MISMATCH,,,,,,,,,,fids,int32,float64
cgusta_TYPE_MISMATCH,,,,,,,,,,scamax,float64,object
cgusta_TYPE_MISMATCH,,,,,,,,,,agen,int32,float64
cgusta_TYPE_MISMATCH,,,,,,,,,,fidn,int32,float64
cgusta_TYPE_MISMATCH,,,,,,,,,,prim,int32,float64
cgusta_TYPE_MISMATCH,,,,,,,,,,rver,int32,float64
cgusta_TYPE_MISMATCH,,,,,,,,,,dsid_edtn,int32,int64
bcnspp,47.0,48.0,46.0,2.0,1.0,17.0,False,"ogc_fid, wkb_geometry",geometry,,,
bcnspp_TYPE_MISMATCH,,,,,,,,,,objl,int32,float64
bcnspp_TYPE_MISMATCH,,,,,,,,,,verdat,float64,object
bcnspp_TYPE_MISMATCH,,,,,,,,,,grup,int32,float64
bcnspp_TYPE_MISMATCH,,,,,,,,,,rcid,int32,float64
bcnspp_TYPE_MISMATCH,,,,,,,,,,scamin,int32,int64
bcnspp_TYPE_MISMATCH,,,,,,,,,,dsid_updn,int32,int64
bcnspp_TYPE_MISMATCH,,,,,,,,,,fids,int32,float64
bcnspp_TYPE_MISMATCH,,,,,,,,,,scamax,float64,object
bcnspp_TYPE_MISMATCH,,,,,,,,,,marsys,float64,object
bcnspp_TYPE_MISMATCH,,,,,,,,,,condtn,float64,object
bcnspp_TYPE_MISMATCH,,,,,,,,,,veracc,float64,object
bcnspp_TYPE_MISMATCH,,,,,,,,,,agen,int32,float64
bcnspp_TYPE_MISMATCH,,,,,,,,,,fidn,int32,float64
bcnspp_TYPE_MISMATCH,,,,,,,,,,conrad,float64,object
bcnspp_TYPE_MISMATCH,,,,,,,,,,prim,int32,float64
bcnspp_TYPE_MISMATCH,,,,,,,,,,rver,int32,float64
bcnspp_TYPE_MISMATCH,,,,,,,,,,dsid_edtn,int32,int64
wattur,28.0,29.0,27.0,2.0,1.0,13.0,False,"ogc_fid, wkb_geometry",geometry,,,
wattur_TYPE_MISMATCH,,,,,,,,,,objl,int32,float64
wattur_TYPE_MISMATCH,,,,,,,,,,grup,int32,float64
wattur_TYPE_MISMATCH,,,,,,,,,,rcid,int32,float64
wattur_TYPE_MISMATCH,,,,,,,,,,scamin,int32,int64
wattur_TYPE_MISMATCH,,,,,,,,,,dsid_updn,int32,int64
wattur_TYPE_MISMATCH,,,,,,,,,,fids,int32,float64
wattur_TYPE_MISMATCH,,,,,,,,,,scamax,float64,object
wattur_TYPE_MISMATCH,,,,,,,,,,catwat,int32,int64
wattur_TYPE_MISMATCH,,,,,,,,,,agen,int32,float64
wattur_TYPE_MISMATCH,,,,,,,,,,fidn,int32,float64
wattur_TYPE_MISMATCH,,,,,,,,,,prim,int32,float64
wattur_TYPE_MISMATCH,,,,,,,,,,rver,int32,float64
wattur_TYPE_MISMATCH,,,,,,,,,,dsid_edtn,int32,int64
resare,34.0,35.0,33.0,2.0,1.0,12.0,False,"ogc_fid, wkb_geometry",geometry,,,
resare_TYPE_MISMATCH,,,,,,,,,,objl,int32,float64
resare_TYPE_MISMATCH,,,,,,,,,,grup,int32,float64
resare_TYPE_MISMATCH,,,,,,,,,,rcid,int32,float64
resare_TYPE_MISMATCH,,,,,,,,,,scamin,int32,int64
resare_TYPE_MISMATCH,,,,,,,,,,dsid_updn,int32,int64
resare_TYPE_MISMATCH,,,,,,,,,,fids,int32,float64
resare_TYPE_MISMATCH,,,,,,,,,,scamax,float64,object
resare_TYPE_MISMATCH,,,,,,,,,,agen,int32,float64
resare_TYPE_MISMATCH,,,,,,,,,,fidn,int32,float64
resare_TYPE_MISMATCH,,,,,,,,,,prim,int32,float64
resare_TYPE_MISMATCH,,,,,,,,,,rver,int32,float64
resare_TYPE_MISMATCH,,,,,,,,,,dsid_edtn,int32,int64
exezne,26.0,27.0,25.0,2.0,1.0,12.0,False,"ogc_fid, wkb_geometry",geometry,,,
exezne_TYPE_MISMATCH,,,,,,,,,,objl,int32,float64
exezne_TYPE_MISMATCH,,,,,,,,,,grup,int32,float64
exezne_TYPE_MISMATCH,,,,,,,,,,rcid,int32,float64
exezne_TYPE_MISMATCH,,,,,,,,,,scamin,int32,int64
exezne_TYPE_MISMATCH,,,,,,,,,,dsid_updn,int32,int64
exezne_TYPE_MISMATCH,,,,,,,,,,fids,int32,float64
exezne_TYPE_MISMATCH,,,,,,,,,,scamax,float64,object
exezne_TYPE_MISMATCH,,,,,,,,,,agen,int32,float64
exezne_TYPE_MISMATCH,,,,,,,,,,fidn,int32,float64
exezne_TYPE_MISMATCH,,,,,,,,,,prim,int32,float64
exezne_TYPE_MISMATCH,,,,,,,,,,rver,int32,float64
exezne_TYPE_MISMATCH,,,,,,,,,,dsid_edtn,int32,int64
face,10.0,11.0,9.0,2.0,1.0,8.0,False,"ogc_fid, wkb_geometry",geometry,,,
face_TYPE_MISMATCH,,,,,,,,,,rcid,int32,object
face_TYPE_MISMATCH,,,,,,,,,,dsid_updn,int32,object
face_TYPE_MISMATCH,,,,,,,,,,rver,int32,object
face_TYPE_MISMATCH,,,,,,,,,,dsid_edtn,int32,object
face_TYPE_MISMATCH,,,,,,,,,,ruin,int32,object
face_TYPE_MISMATCH,,,,,,,,,,rcnm,int32,object
face_TYPE_MISMATCH,,,,,,,,,,posacc,float64,object
face_TYPE_MISMATCH,,,,,,,,,,quapos,int32,object
pipsol,39.0,40.0,38.0,2.0,1.0,19.0,False,"ogc_fid, wkb_geometry",geometry,,,
pipsol_TYPE_MISMATCH,,,,,,,,,,objl,int32,float64
pipsol_TYPE_MISMATCH,,,,,,,,,,drval1,float64,object
pipsol_TYPE_MISMATCH,,,,,,,,,,verdat,float64,object
pipsol_TYPE_MISMATCH,,,,,,,,,,grup,int32,float64
pipsol_TYPE_MISMATCH,,,,,,,,,,rcid,int32,float64
pipsol_TYPE_MISMATCH,,,,,,,,,,scamin,int32,int64
pipsol_TYPE_MISMATCH,,,,,,,,,,dsid_updn,int32,int64
pipsol_TYPE_MISMATCH,,,,,,,,,,fids,int32,float64
pipsol_TYPE_MISMATCH,,,,,,,,,,scamax,float64,object
pipsol_TYPE_MISMATCH,,,,,,,,,,condtn,float64,object
pipsol_TYPE_MISMATCH,,,,,,,,,,veracc,float64,object
pipsol_TYPE_MISMATCH,,,,,,,,,,agen,int32,float64
pipsol_TYPE_MISMATCH,,,,,,,,,,fidn,int32,float64
pipsol_TYPE_MISMATCH,,,,,,,,,,verlen,float64,object
pipsol_TYPE_MISMATCH,,,,,,,,,,drval2,float64,object
pipsol_TYPE_MISMATCH,,,,,,,,,,burdep,float64,object
pipsol_TYPE_MISMATCH,,,,,,,,,,prim,int32,float64
pipsol_TYPE_MISMATCH,,,,,,,,,,rver,int32,float64
pipsol_TYPE_MISMATCH,,,,,,,,,,dsid_edtn,int32,int64
boysaw,41.0,42.0,40.0,2.0,1.0,16.0,False,"ogc_fid, wkb_geometry",geometry,,,
boysaw_TYPE_MISMATCH,,,,,,,,,,objl,int32,float64
boysaw_TYPE_MISMATCH,,,,,,,,,,grup,int32,float64
boysaw_TYPE_MISMATCH,,,,,,,,,,rcid,int32,float64
boysaw_TYPE_MISMATCH,,,,,,,,,,scamin,int32,int64
boysaw_TYPE_MISMATCH,,,,,,,,,,dsid_updn,int32,int64
boysaw_TYPE_MISMATCH,,,,,,,,,,fids,int32,float64
boysaw_TYPE_MISMATCH,,,,,,,,,,scamax,float64,object
boysaw_TYPE_MISMATCH,,,,,,,,,,veracc,float64,object
boysaw_TYPE_MISMATCH,,,,,,,,,,agen,int32,float64
boysaw_TYPE_MISMATCH,,,,,,,,,,fidn,int32,float64
boysaw_TYPE_MISMATCH,,,,,,,,,,verlen,float64,object
boysaw_TYPE_MISMATCH,,,,,,,,,,boyshp,int32,int64
boysaw_TYPE_MISMATCH,,,,,,,,,,conrad,float64,object
boysaw_TYPE_MISMATCH,,,,,,,,,,prim,int32,float64
boysaw_TYPE_MISMATCH,,,,,,,,,,rver,int32,float64
boysaw_TYPE_MISMATCH,,,,,,,,,,dsid_edtn,int32,int64
feryrt,33.0,34.0,32.0,2.0,1.0,13.0,False,"ogc_fid, wkb_geometry",geometry,,,
feryrt_TYPE_MISMATCH,,,,,,,,,,objl,int32,float64
feryrt_TYPE_MISMATCH,,,,,,,,,,grup,int32,float64
feryrt_TYPE_MISMATCH,,,,,,,,,,rcid,int32,float64
feryrt_TYPE_MISMATCH,,,,,,,,,,scamin,int32,int64
feryrt_TYPE_MISMATCH,,,,,,,,,,dsid_updn,int32,int64
feryrt_TYPE_MISMATCH,,,,,,,,,,fids,int32,float64
feryrt_TYPE_MISMATCH,,,,,,,,,,catfry,int32,int64
feryrt_TYPE_MISMATCH,,,,,,,,,,scamax,float64,object
feryrt_TYPE_MISMATCH,,,,,,,,,,agen,int32,float64
feryrt_TYPE_MISMATCH,,,,,,,,,,fidn,int32,float64
feryrt_TYPE_MISMATCH,,,,,,,,,,prim,int32,float64
feryrt_TYPE_MISMATCH,,,,,,,,,,rver,int32,float64
feryrt_TYPE_MISMATCH,,,,,,,,,,dsid_edtn,int32,int64
seaare,28.0,29.0,27.0,2.0,1.0,12.0,False,"ogc_fid, wkb_geometry",geometry,,,
seaare_TYPE_MISMATCH,,,,,,,,,,objl,int32,float64
seaare_TYPE_MISMATCH,,,,,,,,,,grup,int32,float64
seaare_TYPE_MISMATCH,,,,,,,,,,rcid,int32,float64
seaare_TYPE_MISMATCH,,,,,,,,,,scamin,int32,int64
seaare_TYPE_MISMATCH,,,,,,,,,,dsid_updn,int32,int64
seaare_TYPE_MISMATCH,,,,,,,,,,fids,int32,float64
seaare_TYPE_MISMATCH,,,,,,,,,,scamax,float64,object
seaare_TYPE_MISMATCH,,,,,,,,,,agen,int32,float64
seaare_TYPE_MISMATCH,,,,,,,,,,fidn,int32,float64
seaare_TYPE_MISMATCH,,,,,,,,,,prim,int32,float64
seaare_TYPE_MISMATCH,,,,,,,,,,rver,int32,float64
seaare_TYPE_MISMATCH,,,,,,,,,,dsid_edtn,int32,int64
depare,30.0,31.0,29.0,2.0,1.0,14.0,False,"ogc_fid, wkb_geometry",geometry,,,
depare_TYPE_MISMATCH,,,,,,,,,,objl,int32,float64
depare_TYPE_MISMATCH,,,,,,,,,,verdat,float64,object
depare_TYPE_MISMATCH,,,,,,,,,,grup,int32,float64
depare_TYPE_MISMATCH,,,,,,,,,,rcid,int32,float64
depare_TYPE_MISMATCH,,,,,,,,,,scamin,float64,object
depare_TYPE_MISMATCH,,,,,,,,,,dsid_updn,int32,int64
depare_TYPE_MISMATCH,,,,,,,,,,fids,int32,float64
depare_TYPE_MISMATCH,,,,,,,,,,scamax,float64,object
depare_TYPE_MISMATCH,,,,,,,,,,agen,int32,float64
depare_TYPE_MISMATCH,,,,,,,,,,fidn,int32,float64
depare_TYPE_MISMATCH,,,,,,,,,,souacc,float64,object
depare_TYPE_MISMATCH,,,,,,,,,,prim,int32,float64
depare_TYPE_MISMATCH,,,,,,,,,,rver,int32,float64
depare_TYPE_MISMATCH,,,,,,,,,,dsid_edtn,int32,int64
buaare,34.0,35.0,33.0,2.0,1.0,19.0,False,"ogc_fid, wkb_geometry",geometry,,,
buaare_TYPE_MISMATCH,,,,,,,,,,objl,int32,float64
buaare_TYPE_MISMATCH,,,,,,,,,,verdat,float64,object
buaare_TYPE_MISMATCH,,,,,,,,,,grup,int32,float64
buaare_TYPE_MISMATCH,,,,,,,,,,rcid,int32,float64
buaare_TYPE_MISMATCH,,,,,,,,,,scamin,int32,int64
buaare_TYPE_MISMATCH,,,,,,,,,,dsid_updn,int32,int64
buaare_TYPE_MISMATCH,,,,,,,,,,fids,int32,float64
buaare_TYPE_MISMATCH,,,,,,,,,,scamax,float64,object
buaare_TYPE_MISMATCH,,,,,,,,,,condtn,float64,object
buaare_TYPE_MISMATCH,,,,,,,,,,veracc,float64,object
buaare_TYPE_MISMATCH,,,,,,,,,,agen,int32,float64
buaare_TYPE_MISMATCH,,,,,,,,,,fidn,int32,float64
buaare_TYPE_MISMATCH,,,,,,,,,,height,float64,object
buaare_TYPE_MISMATCH,,,,,,,,,,conrad,float64,object
buaare_TYPE_MISMATCH,,,,,,,,,,prim,int32,float64
buaare_TYPE_MISMATCH,,,,,,,,,,catbua,int32,int64
buaare_TYPE_MISMATCH,,,,,,,,,,rver,int32,float64
buaare_TYPE_MISMATCH,,,,,,,,,,dsid_edtn,int32,int64
buaare_TYPE_MISMATCH,,,,,,,,,,convis,float64,object
lndare,29.0,30.0,28.0,2.0,1.0,13.0,False,"ogc_fid, wkb_geometry",geometry,,,
lndare_TYPE_MISMATCH,,,,,,,,,,objl,int32,float64
lndare_TYPE_MISMATCH,,,,,,,,,,grup,int32,float64
lndare_TYPE_MISMATCH,,,,,,,,,,rcid,int32,float64
lndare_TYPE_MISMATCH,,,,,,,,,,scamin,float64,object
lndare_TYPE_MISMATCH,,,,,,,,,,dsid_updn,int32,int64
lndare_TYPE_MISMATCH,,,,,,,,,,fids,int32,float64
lndare_TYPE_MISMATCH,,,,,,,,,,scamax,float64,object
lndare_TYPE_MISMATCH,,,,,,,,,,condtn,float64,object
lndare_TYPE_MISMATCH,,,,,,,,,,agen,int32,float64
lndare_TYPE_MISMATCH,,,,,,,,,,fidn,int32,float64
lndare_TYPE_MISMATCH,,,,,,,,,,prim,int32,float64
lndare_TYPE_MISMATCH,,,,,,,,,,rver,int32,float64
lndare_TYPE_MISMATCH,,,,,,,,,,dsid_edtn,int32,int64
uwtroc,37.0,38.0,36.0,2.0,1.0,14.0,False,"ogc_fid, wkb_geometry",geometry,,,
uwtroc_TYPE_MISMATCH,,,,,,,,,,objl,int32,float64
uwtroc_TYPE_MISMATCH,,,,,,,,,,verdat,float64,object
uwtroc_TYPE_MISMATCH,,,,,,,,,,grup,int32,float64
uwtroc_TYPE_MISMATCH,,,,,,,,,,rcid,int32,float64
uwtroc_TYPE_MISMATCH,,,,,,,,,,dsid_updn,int32,int64
uwtroc_TYPE_MISMATCH,,,,,,,,,,fids,int32,float64
uwtroc_TYPE_MISMATCH,,,,,,,,,,scamax,float64,object
uwtroc_TYPE_MISMATCH,,,,,,,,,,agen,int32,float64
uwtroc_TYPE_MISMATCH,,,,,,,,,,fidn,int32,float64
uwtroc_TYPE_MISMATCH,,,,,,,,,,souacc,float64,object
uwtroc_TYPE_MISMATCH,,,,,,,,,,prim,int32,float64
uwtroc_TYPE_MISMATCH,,,,,,,,,,rver,int32,float64
uwtroc_TYPE_MISMATCH,,,,,,,,,,dsid_edtn,int32,int64
uwtroc_TYPE_MISMATCH,,,,,,,,,,watlev,int32,int64
sbdare,31.0,32.0,30.0,2.0,1.0,12.0,False,"ogc_fid, wkb_geometry",geometry,,,
sbdare_TYPE_MISMATCH,,,,,,,,,,objl,int32,float64
sbdare_TYPE_MISMATCH,,,,,,,,,,grup,int32,float64
sbdare_TYPE_MISMATCH,,,,,,,,,,rcid,int32,float64
sbdare_TYPE_MISMATCH,,,,,,,,,,scamin,int32,int64
sbdare_TYPE_MISMATCH,,,,,,,,,,dsid_updn,int32,int64
sbdare_TYPE_MISMATCH,,,,,,,,,,fids,int32,float64
sbdare_TYPE_MISMATCH,,,,,,,,,,scamax,float64,object
sbdare_TYPE_MISMATCH,,,,,,,,,,agen,int32,float64
sbdare_TYPE_MISMATCH,,,,,,,,,,fidn,int32,float64
sbdare_TYPE_MISMATCH,,,,,,,,,,prim,int32,float64
sbdare_TYPE_MISMATCH,,,,,,,,,,rver,int32,float64
sbdare_TYPE_MISMATCH,,,,,,,,,,dsid_edtn,int32,int64
tsslpt,31.0,32.0,30.0,2.0,1.0,13.0,False,"ogc_fid, wkb_geometry",geometry,,,
tsslpt_TYPE_MISMATCH,,,,,,,,,,objl,int32,float64
tsslpt_TYPE_MISMATCH,,,,,,,,,,grup,int32,float64
tsslpt_TYPE_MISMATCH,,,,,,,,,,rcid,int32,float64
tsslpt_TYPE_MISMATCH,,,,,,,,,,scamin,float64,object
tsslpt_TYPE_MISMATCH,,,,,,,,,,dsid_updn,int32,int64
tsslpt_TYPE_MISMATCH,,,,,,,,,,fids,int32,float64
tsslpt_TYPE_MISMATCH,,,,,,,,,,scamax,float64,object
tsslpt_TYPE_MISMATCH,,,,,,,,,,agen,int32,float64
tsslpt_TYPE_MISMATCH,,,,,,,,,,fidn,int32,float64
tsslpt_TYPE_MISMATCH,,,,,,,,,,cattss,int32,int64
tsslpt_TYPE_MISMATCH,,,,,,,,,,prim,int32,float64
tsslpt_TYPE_MISMATCH,,,,,,,,,,rver,int32,float64
tsslpt_TYPE_MISMATCH,,,,,,,,,,dsid_edtn,int32,int64
daymar,42.0,43.0,41.0,2.0,1.0,18.0,False,"ogc_fid, wkb_geometry",geometry,,,
daymar_TYPE_MISMATCH,,,,,,,,,,objl,int32,float64
daymar_TYPE_MISMATCH,,,,,,,,,,verdat,float64,object
daymar_TYPE_MISMATCH,,,,,,,,,,topshp,int32,int64
daymar_TYPE_MISMATCH,,,,,,,,,,grup,int32,float64
daymar_TYPE_MISMATCH,,,,,,,,,,rcid,int32,float64
daymar_TYPE_MISMATCH,,,,,,,,,,scamin,int32,int64
daymar_TYPE_MISMATCH,,,,,,,,,,dsid_updn,int32,int64
daymar_TYPE_MISMATCH,,,,,,,,,,fids,int32,float64
daymar_TYPE_MISMATCH,,,,,,,,,,scamax,float64,object
daymar_TYPE_MISMATCH,,,,,,,,,,veracc,float64,object
daymar_TYPE_MISMATCH,,,,,,,,,,agen,int32,float64
daymar_TYPE_MISMATCH,,,,,,,,,,fidn,int32,float64
daymar_TYPE_MISMATCH,,,,,,,,,,verlen,float64,object
daymar_TYPE_MISMATCH,,,,,,,,,,height,float64,object
daymar_TYPE_MISMATCH,,,,,,,,,,prim,int32,float64
daymar_TYPE_MISMATCH,,,,,,,,,,rver,int32,float64
daymar_TYPE_MISMATCH,,,,,,,,,,elevat,float64,object
daymar_TYPE_MISMATCH,,,,,,,,,,dsid_edtn,int32,int64
achare,34.0,35.0,33.0,2.0,1.0,12.0,False,"ogc_fid, wkb_geometry",geometry,,,
achare_TYPE_MISMATCH,,,,,,,,,,objl,int32,float64
achare_TYPE_MISMATCH,,,,,,,,,,grup,int32,float64
achare_TYPE_MISMATCH,,,,,,,,,,rcid,int32,float64
achare_TYPE_MISMATCH,,,,,,,,,,scamin,int32,int64
achare_TYPE_MISMATCH,,,,,,,,,,dsid_updn,int32,int64
achare_TYPE_MISMATCH,,,,,,,,,,fids,int32,float64
achare_TYPE_MISMATCH,,,,,,,,,,scamax,float64,object
achare_TYPE_MISMATCH,,,,,,,,,,agen,int32,float64
achare_TYPE_MISMATCH,,,,,,,,,,fidn,int32,float64
achare_TYPE_MISMATCH,,,,,,,,,,prim,int32,float64
achare_TYPE_MISMATCH,,,,,,,,,,rver,int32,float64
achare_TYPE_MISMATCH,,,,,,,,,,dsid_edtn,int32,int64
ponton,38.0,39.0,37.0,2.0,1.0,17.0,False,"ogc_fid, wkb_geometry",geometry,,,
ponton_TYPE_MISMATCH,,,,,,,,,,objl,int32,float64
ponton_TYPE_MISMATCH,,,,,,,,,,grup,int32,float64
ponton_TYPE_MISMATCH,,,,,,,,,,rcid,int32,float64
ponton_TYPE_MISMATCH,,,,,,,,,,scamin,int32,int64
ponton_TYPE_MISMATCH,,,,,,,,,,dsid_updn,int32,int64
ponton_TYPE_MISMATCH,,,,,,,,,,fids,int32,float64
ponton_TYPE_MISMATCH,,,,,,,,,,scamax,float64,object
ponton_TYPE_MISMATCH,,,,,,,,,,condtn,float64,object
ponton_TYPE_MISMATCH,,,,,,,,,,veracc,float64,object
ponton_TYPE_MISMATCH,,,,,,,,,,agen,int32,float64
ponton_TYPE_MISMATCH,,,,,,,,,,fidn,int32,float64
ponton_TYPE_MISMATCH,,,,,,,,,,verlen,float64,object
ponton_TYPE_MISMATCH,,,,,,,,,,conrad,float64,object
ponton_TYPE_MISMATCH,,,,,,,,,,prim,int32,float64
ponton_TYPE_MISMATCH,,,,,,,,,,rver,int32,float64
ponton_TYPE_MISMATCH,,,,,,,,,,dsid_edtn,int32,int64
ponton_TYPE_MISMATCH,,,,,,,,,,convis,float64,object
lndelv,31.0,32.0,30.0,2.0,1.0,15.0,False,"ogc_fid, wkb_geometry",geometry,,,
lndelv_TYPE_MISMATCH,,,,,,,,,,objl,int32,float64
lndelv_TYPE_MISMATCH,,,,,,,,,,verdat,float64,object
lndelv_TYPE_MISMATCH,,,,,,,,,,grup,int32,float64
lndelv_TYPE_MISMATCH,,,,,,,,,,rcid,int32,float64
lndelv_TYPE_MISMATCH,,,,,,,,,,scamin,int32,int64
lndelv_TYPE_MISMATCH,,,,,,,,,,dsid_updn,int32,int64
lndelv_TYPE_MISMATCH,,,,,,,,,,fids,int32,float64
lndelv_TYPE_MISMATCH,,,,,,,,,,scamax,float64,object
lndelv_TYPE_MISMATCH,,,,,,,,,,veracc,float64,object
lndelv_TYPE_MISMATCH,,,,,,,,,,agen,int32,float64
lndelv_TYPE_MISMATCH,,,,,,,,,,fidn,int32,float64
lndelv_TYPE_MISMATCH,,,,,,,,,,prim,int32,float64
lndelv_TYPE_MISMATCH,,,,,,,,,,rver,int32,float64
lndelv_TYPE_MISMATCH,,,,,,,,,,dsid_edtn,int32,int64
lndelv_TYPE_MISMATCH,,,,,,,,,,convis,float64,object
lndmrk,42.0,43.0,41.0,2.0,1.0,16.0,False,"ogc_fid, wkb_geometry",geometry,,,
lndmrk_TYPE_MISMATCH,,,,,,,,,,objl,int32,float64
lndmrk_TYPE_MISMATCH,,,,,,,,,,verdat,float64,object
lndmrk_TYPE_MISMATCH,,,,,,,,,,grup,int32,float64
lndmrk_TYPE_MISMATCH,,,,,,,,,,rcid,int32,float64
lndmrk_TYPE_MISMATCH,,,,,,,,,,scamin,int32,int64
lndmrk_TYPE_MISMATCH,,,,,,,,,,dsid_updn,int32,int64
lndmrk_TYPE_MISMATCH,,,,,,,,,,fids,int32,float64
lndmrk_TYPE_MISMATCH,,,,,,,,,,scamax,float64,object
lndmrk_TYPE_MISMATCH,,,,,,,,,,veracc,float64,object
lndmrk_TYPE_MISMATCH,,,,,,,,,,agen,int32,float64
lndmrk_TYPE_MISMATCH,,,,,,,,,,fidn,int32,float64
lndmrk_TYPE_MISMATCH,,,,,,,,,,prim,int32,float64
lndmrk_TYPE_MISMATCH,,,,,,,,,,rver,int32,float64
lndmrk_TYPE_MISMATCH,,,,,,,,,,elevat,float64,object
lndmrk_TYPE_MISMATCH,,,,,,,,,,dsid_edtn,int32,int64
lndmrk_TYPE_MISMATCH,,,,,,,,,,convis,int32,int64
cblsub,36.0,37.0,35.0,2.0,1.0,17.0,False,"ogc_fid, wkb_geometry",geometry,,,
cblsub_TYPE_MISMATCH,,,,,,,,,,objl,int32,float64
cblsub_TYPE_MISMATCH,,,,,,,,,,drval1,float64,object
cblsub_TYPE_MISMATCH,,,,,,,,,,verdat,float64,object
cblsub_TYPE_MISMATCH,,,,,,,,,,grup,int32,float64
cblsub_TYPE_MISMATCH,,,,,,,,,,rcid,int32,float64
cblsub_TYPE_MISMATCH,,,,,,,,,,scamin,int32,int64
cblsub_TYPE_MISMATCH,,,,,,,,,,dsid_updn,int32,int64
cblsub_TYPE_MISMATCH,,,,,,,,,,fids,int32,float64
cblsub_TYPE_MISMATCH,,,,,,,,,,scamax,float64,object
cblsub_TYPE_MISMATCH,,,,,,,,,,condtn,float64,object
cblsub_TYPE_MISMATCH,,,,,,,,,,agen,int32,float64
cblsub_TYPE_MISMATCH,,,,,,,,,,fidn,int32,float64
cblsub_TYPE_MISMATCH,,,,,,,,,,drval2,float64,object
cblsub_TYPE_MISMATCH,,,,,,,,,,burdep,float64,object
cblsub_TYPE_MISMATCH,,,,,,,,,,prim,int32,float64
cblsub_TYPE_MISMATCH,,,,,,,,,,rver,int32,float64
cblsub_TYPE_MISMATCH,,,,,,,,,,dsid_edtn,int32,int64
pilbop,36.0,37.0,35.0,2.0,1.0,12.0,False,"ogc_fid, wkb_geometry",geometry,,,
pilbop_TYPE_MISMATCH,,,,,,,,,,objl,int32,float64
pilbop_TYPE_MISMATCH,,,,,,,,,,grup,int32,float64
pilbop_TYPE_MISMATCH,,,,,,,,,,rcid,int32,float64
pilbop_TYPE_MISMATCH,,,,,,,,,,scamin,int32,int64
pilbop_TYPE_MISMATCH,,,,,,,,,,dsid_updn,int32,int64
pilbop_TYPE_MISMATCH,,,,,,,,,,fids,int32,float64
pilbop_TYPE_MISMATCH,,,,,,,,,,scamax,float64,object
pilbop_TYPE_MISMATCH,,,,,,,,,,agen,int32,float64
pilbop_TYPE_MISMATCH,,,,,,,,,,fidn,int32,float64
pilbop_TYPE_MISMATCH,,,,,,,,,,prim,int32,float64
pilbop_TYPE_MISMATCH,,,,,,,,,,rver,int32,float64
pilbop_TYPE_MISMATCH,,,,,,,,,,dsid_edtn,int32,int64
pipare,34.0,35.0,33.0,2.0,1.0,13.0,False,"ogc_fid, wkb_geometry",geometry,,,
pipare_TYPE_MISMATCH,,,,,,,,,,objl,int32,float64
pipare_TYPE_MISMATCH,,,,,,,,,,grup,int32,float64
pipare_TYPE_MISMATCH,,,,,,,,,,rcid,int32,float64
pipare_TYPE_MISMATCH,,,,,,,,,,scamin,int32,int64
pipare_TYPE_MISMATCH,,,,,,,,,,dsid_updn,int32,int64
pipare_TYPE_MISMATCH,,,,,,,,,,fids,int32,float64
pipare_TYPE_MISMATCH,,,,,,,,,,scamax,float64,object
pipare_TYPE_MISMATCH,,,,,,,,,,condtn,float64,object
pipare_TYPE_MISMATCH,,,,,,,,,,agen,int32,float64
pipare_TYPE_MISMATCH,,,,,,,,,,fidn,int32,float64
pipare_TYPE_MISMATCH,,,,,,,,,,prim,int32,float64
pipare_TYPE_MISMATCH,,,,,,,,,,rver,int32,float64
pipare_TYPE_MISMATCH,,,,,,,,,,dsid_edtn,int32,int64
prcare,29.0,30.0,28.0,2.0,1.0,12.0,False,"ogc_fid, wkb_geometry",geometry,,,
prcare_TYPE_MISMATCH,,,,,,,,,,objl,int32,float64
prcare_TYPE_MISMATCH,,,,,,,,,,grup,int32,float64
prcare_TYPE_MISMATCH,,,,,,,,,,rcid,int32,float64
prcare_TYPE_MISMATCH,,,,,,,,,,scamin,float64,object
prcare_TYPE_MISMATCH,,,,,,,,,,dsid_updn,int32,int64
prcare_TYPE_MISMATCH,,,,,,,,,,fids,int32,float64
prcare_TYPE_MISMATCH,,,,,,,,,,scamax,float64,object
prcare_TYPE_MISMATCH,,,,,,,,,,agen,int32,float64
prcare_TYPE_MISMATCH,,,,,,,,,,fidn,int32,float64
prcare_TYPE_MISMATCH,,,,,,,,,,prim,int32,float64
prcare_TYPE_MISMATCH,,,,,,,,,,rver,int32,float64
prcare_TYPE_MISMATCH,,,,,,,,,,dsid_edtn,int32,int64
lights,49.0,50.0,48.0,2.0,1.0,16.0,False,"ogc_fid, wkb_geometry",geometry,,,
lights_TYPE_MISMATCH,,,,,,,,,,objl,int32,float64
lights_TYPE_MISMATCH,,,,,,,,,,verdat,float64,object
lights_TYPE_MISMATCH,,,,,,,,,,grup,int32,float64
lights_TYPE_MISMATCH,,,,,,,,,,rcid,int32,float64
lights_TYPE_MISMATCH,,,,,,,,,,scamin,int32,int64
lights_TYPE_MISMATCH,,,,,,,,,,dsid_updn,int32,int64
lights_TYPE_MISMATCH,,,,,,,,,,fids,int32,float64
lights_TYPE_MISMATCH,,,,,,,,,,scamax,float64,object
lights_TYPE_MISMATCH,,,,,,,,,,marsys,float64,object
lights_TYPE_MISMATCH,,,,,,,,,,veracc,float64,object
lights_TYPE_MISMATCH,,,,,,,,,,agen,int32,float64
lights_TYPE_MISMATCH,,,,,,,,,,fidn,int32,float64
lights_TYPE_MISMATCH,,,,,,,,,,litchr,int32,int64
lights_TYPE_MISMATCH,,,,,,,,,,prim,int32,float64
lights_TYPE_MISMATCH,,,,,,,,,,rver,int32,float64
lights_TYPE_MISMATCH,,,,,,,,,,dsid_edtn,int32,int64
fogsig,39.0,40.0,38.0,2.0,1.0,15.0,False,"ogc_fid, wkb_geometry",geometry,,,
fogsig_TYPE_MISMATCH,,,,,,,,,,objl,int32,float64
fogsig_TYPE_MISMATCH,,,,,,,,,,grup,int32,float64
fogsig_TYPE_MISMATCH,,,,,,,,,,rcid,int32,float64
fogsig_TYPE_MISMATCH,,,,,,,,,,scamin,int32,int64
fogsig_TYPE_MISMATCH,,,,,,,,,,dsid_updn,int32,int64
fogsig_TYPE_MISMATCH,,,,,,,,,,fids,int32,float64
fogsig_TYPE_MISMATCH,,,,,,,,,,sigfrq,float64,object
fogsig_TYPE_MISMATCH,,,,,,,,,,scamax,float64,object
fogsig_TYPE_MISMATCH,,,,,,,,,,catfog,int32,int64
fogsig_TYPE_MISMATCH,,,,,,,,,,valmxr,float64,object
fogsig_TYPE_MISMATCH,,,,,,,,,,agen,int32,float64
fogsig_TYPE_MISMATCH,,,,,,,,,,fidn,int32,float64
fogsig_TYPE_MISMATCH,,,,,,,,,,prim,int32,float64
fogsig_TYPE_MISMATCH,,,,,,,,,,rver,int32,float64
fogsig_TYPE_MISMATCH,,,,,,,,,,dsid_edtn,int32,int64
ctsare,32.0,33.0,31.0,2.0,1.0,12.0,False,"ogc_fid, wkb_geometry",geometry,,,
ctsare_TYPE_MISMATCH,,,,,,,,,,objl,int32,float64
ctsare_TYPE_MISMATCH,,,,,,,,,,grup,int32,float64
ctsare_TYPE_MISMATCH,,,,,,,,,,rcid,int32,float64
ctsare_TYPE_MISMATCH,,,,,,,,,,scamin,int32,int64
ctsare_TYPE_MISMATCH,,,,,,,,,,dsid_updn,int32,int64
ctsare_TYPE_MISMATCH,,,,,,,,,,fids,int32,float64
ctsare_TYPE_MISMATCH,,,,,,,,,,scamax,float64,object
ctsare_TYPE_MISMATCH,,,,,,,,,,agen,int32,float64
ctsare_TYPE_MISMATCH,,,,,,,,,,fidn,int32,float64
ctsare_TYPE_MISMATCH,,,,,,,,,,prim,int32,float64
ctsare_TYPE_MISMATCH,,,,,,,,,,rver,int32,float64
ctsare_TYPE_MISMATCH,,,,,,,,,,dsid_edtn,int32,int64
bridge,44.0,45.0,43.0,2.0,1.0,20.0,False,"ogc_fid, wkb_geometry",geometry,,,
bridge_TYPE_MISMATCH,,,,,,,,,,objl,int32,float64
bridge_TYPE_MISMATCH,,,,,,,,,,verdat,float64,object
bridge_TYPE_MISMATCH,,,,,,,,,,grup,int32,float64
bridge_TYPE_MISMATCH,,,,,,,,,,rcid,int32,float64
bridge_TYPE_MISMATCH,,,,,,,,,,scamin,int32,int64
bridge_TYPE_MISMATCH,,,,,,,,,,dsid_updn,int32,int64
bridge_TYPE_MISMATCH,,,,,,,,,,fids,int32,float64
bridge_TYPE_MISMATCH,,,,,,,,,,scamax,float64,object
bridge_TYPE_MISMATCH,,,,,,,,,,horacc,float64,object
bridge_TYPE_MISMATCH,,,,,,,,,,vercop,float64,object
bridge_TYPE_MISMATCH,,,,,,,,,,condtn,float64,object
bridge_TYPE_MISMATCH,,,,,,,,,,veracc,float64,object
bridge_TYPE_MISMATCH,,,,,,,,,,agen,int32,float64
bridge_TYPE_MISMATCH,,,,,,,,,,fidn,int32,float64
bridge_TYPE_MISMATCH,,,,,,,,,,verccl,float64,object
bridge_TYPE_MISMATCH,,,,,,,,,,conrad,float64,object
bridge_TYPE_MISMATCH,,,,,,,,,,prim,int32,float64
bridge_TYPE_MISMATCH,,,,,,,,,,rver,int32,float64
bridge_TYPE_MISMATCH,,,,,,,,,,dsid_edtn,int32,int64
bridge_TYPE_MISMATCH,,,,,,,,,,convis,float64,object
tesare,27.0,28.0,26.0,2.0,1.0,12.0,False,"ogc_fid, wkb_geometry",geometry,,,
tesare_TYPE_MISMATCH,,,,,,,,,,objl,int32,float64
tesare_TYPE_MISMATCH,,,,,,,,,,grup,int32,float64
tesare_TYPE_MISMATCH,,,,,,,,,,rcid,int32,float64
tesare_TYPE_MISMATCH,,,,,,,,,,scamin,int32,int64
tesare_TYPE_MISMATCH,,,,,,,,,,dsid_updn,int32,int64
tesare_TYPE_MISMATCH,,,,,,,,,,fids,int32,float64
tesare_TYPE_MISMATCH,,,,,,,,,,scamax,float64,object
tesare_TYPE_MISMATCH,,,,,,,,,,agen,int32,float64
tesare_TYPE_MISMATCH,,,,,,,,,,fidn,int32,float64
tesare_TYPE_MISMATCH,,,,,,,,,,prim,int32,float64
tesare_TYPE_MISMATCH,,,,,,,,,,rver,int32,float64
tesare_TYPE_MISMATCH,,,,,,,,,,dsid_edtn,int32,int64
slcons,46.0,47.0,45.0,2.0,1.0,22.0,False,"ogc_fid, wkb_geometry",geometry,,,
slcons_TYPE_MISMATCH,,,,,,,,,,objl,int32,float64
slcons_TYPE_MISMATCH,,,,,,,,,,horclr,float64,object
slcons_TYPE_MISMATCH,,,,,,,,,,verdat,float64,object
slcons_TYPE_MISMATCH,,,,,,,,,,horlen,float64,object
slcons_TYPE_MISMATCH,,,,,,,,,,grup,int32,float64
slcons_TYPE_MISMATCH,,,,,,,,,,rcid,int32,float64
slcons_TYPE_MISMATCH,,,,,,,,,,scamin,float64,object
slcons_TYPE_MISMATCH,,,,,,,,,,dsid_updn,int32,int64
slcons_TYPE_MISMATCH,,,,,,,,,,horwid,float64,object
slcons_TYPE_MISMATCH,,,,,,,,,,fids,int32,float64
slcons_TYPE_MISMATCH,,,,,,,,,,scamax,float64,object
slcons_TYPE_MISMATCH,,,,,,,,,,horacc,float64,object
slcons_TYPE_MISMATCH,,,,,,,,,,veracc,float64,object
slcons_TYPE_MISMATCH,,,,,,,,,,agen,int32,float64
slcons_TYPE_MISMATCH,,,,,,,,,,fidn,int32,float64
slcons_TYPE_MISMATCH,,,,,,,,,,verlen,float64,object
slcons_TYPE_MISMATCH,,,,,,,,,,height,float64,object
slcons_TYPE_MISMATCH,,,,,,,,,,conrad,float64,object
slcons_TYPE_MISMATCH,,,,,,,,,,prim,int32,float64
slcons_TYPE_MISMATCH,,,,,,,,,,rver,int32,float64
slcons_TYPE_MISMATCH,,,,,,,,,,dsid_edtn,int32,int64
slcons_TYPE_MISMATCH,,,,,,,,,,convis,float64,object
buisgl,42.0,43.0,41.0,2.0,1.0,20.0,False,"ogc_fid, wkb_geometry",geometry,,,
buisgl_TYPE_MISMATCH,,,,,,,,,,objl,int32,float64
buisgl_TYPE_MISMATCH,,,,,,,,,,verdat,float64,object
buisgl_TYPE_MISMATCH,,,,,,,,,,buishp,float64,object
buisgl_TYPE_MISMATCH,,,,,,,,,,grup,int32,float64
buisgl_TYPE_MISMATCH,,,,,,,,,,rcid,int32,float64
buisgl_TYPE_MISMATCH,,,,,,,,,,scamin,int32,int64
buisgl_TYPE_MISMATCH,,,,,,,,,,dsid_updn,int32,int64
buisgl_TYPE_MISMATCH,,,,,,,,,,fids,int32,float64
buisgl_TYPE_MISMATCH,,,,,,,,,,scamax,float64,object
buisgl_TYPE_MISMATCH,,,,,,,,,,condtn,float64,object
buisgl_TYPE_MISMATCH,,,,,,,,,,veracc,float64,object
buisgl_TYPE_MISMATCH,,,,,,,,,,agen,int32,float64
buisgl_TYPE_MISMATCH,,,,,,,,,,fidn,int32,float64
buisgl_TYPE_MISMATCH,,,,,,,,,,verlen,float64,object
buisgl_TYPE_MISMATCH,,,,,,,,,,conrad,float64,object
buisgl_TYPE_MISMATCH,,,,,,,,,,prim,int32,float64
buisgl_TYPE_MISMATCH,,,,,,,,,,rver,int32,float64
buisgl_TYPE_MISMATCH,,,,,,,,,,elevat,float64,object
buisgl_TYPE_MISMATCH,,,,,,,,,,dsid_edtn,int32,int64
buisgl_TYPE_MISMATCH,,,,,,,,,,convis,float64,object
damcon,40.0,41.0,39.0,2.0,1.0,20.0,False,"ogc_fid, wkb_geometry",geometry,,,
damcon_TYPE_MISMATCH,,,,,,,,,,objl,int32,float64
damcon_TYPE_MISMATCH,,,,,,,,,,verdat,float64,object
damcon_TYPE_MISMATCH,,,,,,,,,,grup,int32,float64
damcon_TYPE_MISMATCH,,,,,,,,,,rcid,int32,float64
damcon_TYPE_MISMATCH,,,,,,,,,,scamin,int32,int64
damcon_TYPE_MISMATCH,,,,,,,,,,dsid_updn,int32,int64
damcon_TYPE_MISMATCH,,,,,,,,,,fids,int32,float64
damcon_TYPE_MISMATCH,,,,,,,,,,scamax,float64,object
damcon_TYPE_MISMATCH,,,,,,,,,,catdam,float64,object
damcon_TYPE_MISMATCH,,,,,,,,,,condtn,float64,object
damcon_TYPE_MISMATCH,,,,,,,,,,veracc,float64,object
damcon_TYPE_MISMATCH,,,,,,,,,,agen,int32,float64
damcon_TYPE_MISMATCH,,,,,,,,,,fidn,int32,float64
damcon_TYPE_MISMATCH,,,,,,,,,,verlen,float64,object
damcon_TYPE_MISMATCH,,,,,,,,,,height,float64,object
damcon_TYPE_MISMATCH,,,,,,,,,,conrad,float64,object
damcon_TYPE_MISMATCH,,,,,,,,,,prim,int32,float64
damcon_TYPE_MISMATCH,,,,,,,,,,rver,int32,float64
damcon_TYPE_MISMATCH,,,,,,,,,,dsid_edtn,int32,int64
damcon_TYPE_MISMATCH,,,,,,,,,,convis,float64,object
wedklp,28.0,29.0,27.0,2.0,1.0,13.0,False,"ogc_fid, wkb_geometry",geometry,,,
wedklp_TYPE_MISMATCH,,,,,,,,,,objl,int32,float64
wedklp_TYPE_MISMATCH,,,,,,,,,,grup,int32,float64
wedklp_TYPE_MISMATCH,,,,,,,,,,rcid,int32,float64
wedklp_TYPE_MISMATCH,,,,,,,,,,scamin,int32,int64
wedklp_TYPE_MISMATCH,,,,,,,,,,dsid_updn,int32,int64
wedklp_TYPE_MISMATCH,,,,,,,,,,fids,int32,float64
wedklp_TYPE_MISMATCH,,,,,,,,,,scamax,float64,object
wedklp_TYPE_MISMATCH,,,,,,,,,,agen,int32,float64
wedklp_TYPE_MISMATCH,,,,,,,,,,fidn,int32,float64
wedklp_TYPE_MISMATCH,,,,,,,,,,prim,int32,float64
wedklp_TYPE_MISMATCH,,,,,,,,,,catwed,int32,int64
wedklp_TYPE_MISMATCH,,,,,,,,,,rver,int32,float64
wedklp_TYPE_MISMATCH,,,,,,,,,,dsid_edtn,int32,int64
obstrn,44.0,45.0,43.0,2.0,1.0,18.0,False,"ogc_fid, wkb_geometry",geometry,,,
obstrn_TYPE_MISMATCH,,,,,,,,,,objl,int32,float64
obstrn_TYPE_MISMATCH,,,,,,,,,,verdat,float64,object
obstrn_TYPE_MISMATCH,,,,,,,,,,grup,int32,float64
obstrn_TYPE_MISMATCH,,,,,,,,,,rcid,int32,float64
obstrn_TYPE_MISMATCH,,,,,,,,,,dsid_updn,int32,int64
obstrn_TYPE_MISMATCH,,,,,,,,,,fids,int32,float64
obstrn_TYPE_MISMATCH,,,,,,,,,,scamax,float64,object
obstrn_TYPE_MISMATCH,,,,,,,,,,condtn,float64,object
obstrn_TYPE_MISMATCH,,,,,,,,,,veracc,float64,object
obstrn_TYPE_MISMATCH,,,,,,,,,,agen,int32,float64
obstrn_TYPE_MISMATCH,,,,,,,,,,fidn,int32,float64
obstrn_TYPE_MISMATCH,,,,,,,,,,souacc,float64,object
obstrn_TYPE_MISMATCH,,,,,,,,,,verlen,float64,object
obstrn_TYPE_MISMATCH,,,,,,,,,,height,float64,object
obstrn_TYPE_MISMATCH,,,,,,,,,,prim,int32,float64
obstrn_TYPE_MISMATCH,,,,,,,,,,rver,int32,float64
obstrn_TYPE_MISMATCH,,,,,,,,,,dsid_edtn,int32,int64
obstrn_TYPE_MISMATCH,,,,,,,,,,watlev,int32,int64
rdosta,38.0,39.0,37.0,2.0,1.0,14.0,False,"ogc_fid, wkb_geometry",geometry,,,
rdosta_TYPE_MISMATCH,,,,,,,,,,objl,int32,float64
rdosta_TYPE_MISMATCH,,,,,,,,,,grup,int32,float64
rdosta_TYPE_MISMATCH,,,,,,,,,,rcid,int32,float64
rdosta_TYPE_MISMATCH,,,,,,,,,,scamin,int32,int64
rdosta_TYPE_MISMATCH,,,,,,,,,,dsid_updn,int32,int64
rdosta_TYPE_MISMATCH,,,,,,,,,,fids,int32,float64
rdosta_TYPE_MISMATCH,,,,,,,,,,estrng,float64,object
rdosta_TYPE_MISMATCH,,,,,,,,,,scamax,float64,object
rdosta_TYPE_MISMATCH,,,,,,,,,,agen,int32,float64
rdosta_TYPE_MISMATCH,,,,,,,,,,fidn,int32,float64
rdosta_TYPE_MISMATCH,,,,,,,,,,orient,float64,object
rdosta_TYPE_MISMATCH,,,,,,,,,,prim,int32,float64
rdosta_TYPE_MISMATCH,,,,,,,,,,rver,int32,float64
rdosta_TYPE_MISMATCH,,,,,,,,,,dsid_edtn,int32,int64
slogrd,34.0,35.0,33.0,2.0,1.0,15.0,False,"ogc_fid, wkb_geometry",geometry,,,
slogrd_TYPE_MISMATCH,,,,,,,,,,objl,int32,float64
slogrd_TYPE_MISMATCH,,,,,,,,,,grup,int32,float64
slogrd_TYPE_MISMATCH,,,,,,,,,,rcid,int32,float64
slogrd_TYPE_MISMATCH,,,,,,,,,,scamin,int32,int64
slogrd_TYPE_MISMATCH,,,,,,,,,,dsid_updn,int32,int64
slogrd_TYPE_MISMATCH,,,,,,,,,,fids,int32,float64
slogrd_TYPE_MISMATCH,,,,,,,,,,scamax,float64,object
slogrd_TYPE_MISMATCH,,,,,,,,,,agen,int32,float64
slogrd_TYPE_MISMATCH,,,,,,,,,,fidn,int32,float64
slogrd_TYPE_MISMATCH,,,,,,,,,,catslo,int32,int64
slogrd_TYPE_MISMATCH,,,,,,,,,,conrad,float64,object
slogrd_TYPE_MISMATCH,,,,,,,,,,prim,int32,float64
slogrd_TYPE_MISMATCH,,,,,,,,,,rver,int32,float64
slogrd_TYPE_MISMATCH,,,,,,,,,,dsid_edtn,int32,int64
slogrd_TYPE_MISMATCH,,,,,,,,,,convis,float64,object
soundg,34.0,35.0,33.0,2.0,1.0,14.0,False,"ogc_fid, wkb_geometry",geometry,,,
soundg_TYPE_MISMATCH,,,,,,,,,,objl,int32,float64
soundg_TYPE_MISMATCH,,,,,,,,,,verdat,float64,object
soundg_TYPE_MISMATCH,,,,,,,,,,grup,int32,float64
soundg_TYPE_MISMATCH,,,,,,,,,,rcid,int32,float64
soundg_TYPE_MISMATCH,,,,,,,,,,scamin,int32,int64
soundg_TYPE_MISMATCH,,,,,,,,,,dsid_updn,int32,int64
soundg_TYPE_MISMATCH,,,,,,,,,,fids,int32,float64
soundg_TYPE_MISMATCH,,,,,,,,,,scamax,float64,object
soundg_TYPE_MISMATCH,,,,,,,,,,agen,int32,float64
soundg_TYPE_MISMATCH,,,,,,,,,,fidn,int32,float64
soundg_TYPE_MISMATCH,,,,,,,,,,souacc,float64,object
soundg_TYPE_MISMATCH,,,,,,,,,,prim,int32,float64
soundg_TYPE_MISMATCH,,,,,,,,,,rver,int32,float64
soundg_TYPE_MISMATCH,,,,,,,,,,dsid_edtn,int32,int64
canals,35.0,36.0,34.0,2.0,1.0,17.0,False,"ogc_fid, wkb_geometry",geometry,,,
canals_TYPE_MISMATCH,,,,,,,,,,objl,int32,float64
canals_TYPE_MISMATCH,,,,,,,,,,horclr,float64,object
canals_TYPE_MISMATCH,,,,,,,,,,catcan,float64,object
canals_TYPE_MISMATCH,,,,,,,,,,grup,int32,float64
canals_TYPE_MISMATCH,,,,,,,,,,rcid,int32,float64
canals_TYPE_MISMATCH,,,,,,,,,,scamin,int32,int64
canals_TYPE_MISMATCH,,,,,,,,,,dsid_updn,int32,int64
canals_TYPE_MISMATCH,,,,,,,,,,horwid,float64,object
canals_TYPE_MISMATCH,,,,,,,,,,fids,int32,float64
canals_TYPE_MISMATCH,,,,,,,,,,scamax,float64,object
canals_TYPE_MISMATCH,,,,,,,,,,horacc,float64,object
canals_TYPE_MISMATCH,,,,,,,,,,condtn,float64,object
canals_TYPE_MISMATCH,,,,,,,,,,agen,int32,float64
canals_TYPE_MISMATCH,,,,,,,,,,fidn,int32,float64
canals_TYPE_MISMATCH,,,,,,,,,,prim,int32,float64
canals_TYPE_MISMATCH,,,,,,,,,,rver,int32,float64
canals_TYPE_MISMATCH,,,,,,,,,,dsid_edtn,int32,int64
splare,31.0,32.0,30.0,2.0,1.0,12.0,False,"ogc_fid, wkb_geometry",geometry,,,
splare_TYPE_MISMATCH,,,,,,,,,,objl,int32,float64
splare_TYPE_MISMATCH,,,,,,,,,,grup,int32,float64
splare_TYPE_MISMATCH,,,,,,,,,,rcid,int32,float64
splare_TYPE_MISMATCH,,,,,,,,,,scamin,int32,int64
splare_TYPE_MISMATCH,,,,,,,,,,dsid_updn,int32,int64
splare_TYPE_MISMATCH,,,,,,,,,,fids,int32,float64
splare_TYPE_MISMATCH,,,,,,,,,,scamax,float64,object
splare_TYPE_MISMATCH,,,,,,,,,,agen,int32,float64
splare_TYPE_MISMATCH,,,,,,,,,,fidn,int32,float64
splare_TYPE_MISMATCH,,,,,,,,,,prim,int32,float64
splare_TYPE_MISMATCH,,,,,,,,,,rver,int32,float64
splare_TYPE_MISMATCH,,,,,,,,,,dsid_edtn,int32,int64
tsezne,29.0,30.0,28.0,2.0,1.0,13.0,False,"ogc_fid, wkb_geometry",geometry,,,
tsezne_TYPE_MISMATCH,,,,,,,,,,objl,int32,float64
tsezne_TYPE_MISMATCH,,,,,,,,,,grup,int32,float64
tsezne_TYPE_MISMATCH,,,,,,,,,,rcid,int32,float64
tsezne_TYPE_MISMATCH,,,,,,,,,,scamin,float64,object
tsezne_TYPE_MISMATCH,,,,,,,,,,dsid_updn,int32,int64
tsezne_TYPE_MISMATCH,,,,,,,,,,fids,int32,float64
tsezne_TYPE_MISMATCH,,,,,,,,,,scamax,float64,object
tsezne_TYPE_MISMATCH,,,,,,,,,,agen,int32,float64
tsezne_TYPE_MISMATCH,,,,,,,,,,fidn,int32,float64
tsezne_TYPE_MISMATCH,,,,,,,,,,cattss,int32,int64
tsezne_TYPE_MISMATCH,,,,,,,,,,prim,int32,float64
tsezne_TYPE_MISMATCH,,,,,,,,,,rver,int32,float64
tsezne_TYPE_MISMATCH,,,,,,,,,,dsid_edtn,int32,int64
conzne,29.0,30.0,28.0,2.0,1.0,12.0,False,"ogc_fid, wkb_geometry",geometry,,,
conzne_TYPE_MISMATCH,,,,,,,,,,objl,int32,float64
conzne_TYPE_MISMATCH,,,,,,,,,,grup,int32,float64
conzne_TYPE_MISMATCH,,,,,,,,,,rcid,int32,float64
conzne_TYPE_MISMATCH,,,,,,,,,,scamin,int32,int64
conzne_TYPE_MISMATCH,,,,,,,,,,dsid_updn,int32,int64
conzne_TYPE_MISMATCH,,,,,,,,,,fids,int32,float64
conzne_TYPE_MISMATCH,,,,,,,,,,scamax,float64,object
conzne_TYPE_MISMATCH,,,,,,,,,,agen,int32,float64
conzne_TYPE_MISMATCH,,,,,,,,,,fidn,int32,float64
conzne_TYPE_MISMATCH,,,,,,,,,,prim,int32,float64
conzne_TYPE_MISMATCH,,,,,,,,,,rver,int32,float64
conzne_TYPE_MISMATCH,,,,,,,,,,dsid_edtn,int32,int64
fairwy,37.0,38.0,36.0,2.0,1.0,17.0,False,"ogc_fid, wkb_geometry",geometry,,,
fairwy_TYPE_MISMATCH,,,,,,,,,,objl,int32,float64
fairwy_TYPE_MISMATCH,,,,,,,,,,drval1,float64,object
fairwy_TYPE_MISMATCH,,,,,,,,,,verdat,float64,object
fairwy_TYPE_MISMATCH,,,,,,,,,,grup,int32,float64
fairwy_TYPE_MISMATCH,,,,,,,,,,rcid,int32,float64
fairwy_TYPE_MISMATCH,,,,,,,,,,scamin,int32,int64
fairwy_TYPE_MISMATCH,,,,,,,,,,dsid_updn,int32,int64
fairwy_TYPE_MISMATCH,,,,,,,,,,fids,int32,float64
fairwy_TYPE_MISMATCH,,,,,,,,,,scamax,float64,object
fairwy_TYPE_MISMATCH,,,,,,,,,,agen,int32,float64
fairwy_TYPE_MISMATCH,,,,,,,,,,fidn,int32,float64
fairwy_TYPE_MISMATCH,,,,,,,,,,souacc,float64,object
fairwy_TYPE_MISMATCH,,,,,,,,,,trafic,int32,int64
fairwy_TYPE_MISMATCH,,,,,,,,,,orient,float64,object
fairwy_TYPE_MISMATCH,,,,,,,,,,prim,int32,float64
fairwy_TYPE_MISMATCH,,,,,,,,,,rver,int32,float64
fairwy_TYPE_MISMATCH,,,,,,,,,,dsid_edtn,int32,int64
marcul,42.0,43.0,41.0,2.0,1.0,20.0,False,"ogc_fid, wkb_geometry",geometry,,,
marcul_TYPE_MISMATCH,,,,,,,,,,objl,int32,float64
marcul_TYPE_MISMATCH,,,,,,,,,,verdat,float64,object
marcul_TYPE_MISMATCH,,,,,,,,,,grup,int32,float64
marcul_TYPE_MISMATCH,,,,,,,,,,rcid,int32,float64
marcul_TYPE_MISMATCH,,,,,,,,,,scamin,int32,int64
marcul_TYPE_MISMATCH,,,,,,,,,,dsid_updn,int32,int64
marcul_TYPE_MISMATCH,,,,,,,,,,fids,int32,float64
marcul_TYPE_MISMATCH,,,,,,,,,,catmfa,int32,int64
marcul_TYPE_MISMATCH,,,,,,,,,,expsou,int32,int64
marcul_TYPE_MISMATCH,,,,,,,,,,valsou,float64,object
marcul_TYPE_MISMATCH,,,,,,,,,,scamax,float64,object
marcul_TYPE_MISMATCH,,,,,,,,,,veracc,float64,object
marcul_TYPE_MISMATCH,,,,,,,,,,agen,int32,float64
marcul_TYPE_MISMATCH,,,,,,,,,,fidn,int32,float64
marcul_TYPE_MISMATCH,,,,,,,,,,souacc,float64,object
marcul_TYPE_MISMATCH,,,,,,,,,,verlen,float64,object
marcul_TYPE_MISMATCH,,,,,,,,,,prim,int32,float64
marcul_TYPE_MISMATCH,,,,,,,,,,rver,int32,float64
marcul_TYPE_MISMATCH,,,,,,,,,,dsid_edtn,int32,int64
marcul_TYPE_MISMATCH,,,,,,,,,,watlev,int32,int64
isolatednode,10.0,11.0,9.0,2.0,1.0,8.0,False,"ogc_fid, wkb_geometry",geometry,,,
isolatednode_TYPE_MISMATCH,,,,,,,,,,rcid,int32,object
isolatednode_TYPE_MISMATCH,,,,,,,,,,dsid_updn,int32,object
isolatednode_TYPE_MISMATCH,,,,,,,,,,rver,int32,object
isolatednode_TYPE_MISMATCH,,,,,,,,,,dsid_edtn,int32,object
isolatednode_TYPE_MISMATCH,,,,,,,,,,ruin,int32,object
isolatednode_TYPE_MISMATCH,,,,,,,,,,rcnm,int32,object
isolatednode_TYPE_MISMATCH,,,,,,,,,,posacc,float64,object
isolatednode_TYPE_MISMATCH,,,,,,,,,,quapos,int32,object
coalne,35.0,36.0,34.0,2.0,1.0,17.0,False,"ogc_fid, wkb_geometry",geometry,,,
coalne_TYPE_MISMATCH,,,,,,,,,,objl,int32,float64
coalne_TYPE_MISMATCH,,,,,,,,,,verdat,float64,object
coalne_TYPE_MISMATCH,,,,,,,,,,grup,int32,float64
coalne_TYPE_MISMATCH,,,,,,,,,,rcid,int32,float64
coalne_TYPE_MISMATCH,,,,,,,,,,scamin,float64,object
coalne_TYPE_MISMATCH,,,,,,,,,,dsid_updn,int32,int64
coalne_TYPE_MISMATCH,,,,,,,,,,fids,int32,float64
coalne_TYPE_MISMATCH,,,,,,,,,,scamax,float64,object
coalne_TYPE_MISMATCH,,,,,,,,,,veracc,float64,object
coalne_TYPE_MISMATCH,,,,,,,,,,agen,int32,float64
coalne_TYPE_MISMATCH,,,,,,,,,,fidn,int32,float64
coalne_TYPE_MISMATCH,,,,,,,,,,conrad,float64,object
coalne_TYPE_MISMATCH,,,,,,,,,,prim,int32,float64
coalne_TYPE_MISMATCH,,,,,,,,,,rver,int32,float64
coalne_TYPE_MISMATCH,,,,,,,,,,elevat,float64,object
coalne_TYPE_MISMATCH,,,,,,,,,,dsid_edtn,int32,int64
coalne_TYPE_MISMATCH,,,,,,,,,,convis,float64,object
rdocal,35.0,36.0,34.0,2.0,1.0,13.0,False,"ogc_fid, wkb_geometry",geometry,,,
rdocal_TYPE_MISMATCH,,,,,,,,,,objl,int32,float64
rdocal_TYPE_MISMATCH,,,,,,,,,,grup,int32,float64
rdocal_TYPE_MISMATCH,,,,,,,,,,rcid,int32,float64
rdocal_TYPE_MISMATCH,,,,,,,,,,scamin,int32,int64
rdocal_TYPE_MISMATCH,,,,,,,,,,dsid_updn,int32,int64
rdocal_TYPE_MISMATCH,,,,,,,,,,fids,int32,float64
rdocal_TYPE_MISMATCH,,,,,,,,,,scamax,float64,object
rdocal_TYPE_MISMATCH,,,,,,,,,,agen,int32,float64
rdocal_TYPE_MISMATCH,,,,,,,,,,fidn,int32,float64
rdocal_TYPE_MISMATCH,,,,,,,,,,trafic,int32,int64
rdocal_TYPE_MISMATCH,,,,,,,,,,prim,int32,float64
rdocal_TYPE_MISMATCH,,,,,,,,,,rver,int32,float64
rdocal_TYPE_MISMATCH,,,,,,,,,,dsid_edtn,int32,int64
lakare,30.0,31.0,29.0,2.0,1.0,15.0,False,"ogc_fid, wkb_geometry",geometry,,,
lakare_TYPE_MISMATCH,,,,,,,,,,objl,int32,float64
lakare_TYPE_MISMATCH,,,,,,,,,,verdat,float64,object
lakare_TYPE_MISMATCH,,,,,,,,,,grup,int32,float64
lakare_TYPE_MISMATCH,,,,,,,,,,rcid,int32,float64
lakare_TYPE_MISMATCH,,,,,,,,,,scamin,int32,int64
lakare_TYPE_MISMATCH,,,,,,,,,,dsid_updn,int32,int64
lakare_TYPE_MISMATCH,,,,,,,,,,fids,int32,float64
lakare_TYPE_MISMATCH,,,,,,,,,,scamax,float64,object
lakare_TYPE_MISMATCH,,,,,,,,,,veracc,float64,object
lakare_TYPE_MISMATCH,,,,,,,,,,agen,int32,float64
lakare_TYPE_MISMATCH,,,,,,,,,,fidn,int32,float64
lakare_TYPE_MISMATCH,,,,,,,,,,prim,int32,float64
lakare_TYPE_MISMATCH,,,,,,,,,,rver,int32,float64
lakare_TYPE_MISMATCH,,,,,,,,,,elevat,float64,object
lakare_TYPE_MISMATCH,,,,,,,,,,dsid_edtn,int32,int64
tssbnd,29.0,30.0,28.0,2.0,1.0,13.0,False,"ogc_fid, wkb_geometry",geometry,,,
tssbnd_TYPE_MISMATCH,,,,,,,,,,objl,int32,float64
tssbnd_TYPE_MISMATCH,,,,,,,,,,grup,int32,float64
tssbnd_TYPE_MISMATCH,,,,,,,,,,rcid,int32,float64
tssbnd_TYPE_MISMATCH,,,,,,,,,,scamin,float64,object
tssbnd_TYPE_MISMATCH,,,,,,,,,,dsid_updn,int32,int64
tssbnd_TYPE_MISMATCH,,,,,,,,,,fids,int32,float64
tssbnd_TYPE_MISMATCH,,,,,,,,,,scamax,float64,object
tssbnd_TYPE_MISMATCH,,,,,,,,,,agen,int32,float64
tssbnd_TYPE_MISMATCH,,,,,,,,,,fidn,int32,float64
tssbnd_TYPE_MISMATCH,,,,,,,,,,cattss,int32,int64
tssbnd_TYPE_MISMATCH,,,,,,,,,,prim,int32,float64
tssbnd_TYPE_MISMATCH,,,,,,,,,,rver,int32,float64
tssbnd_TYPE_MISMATCH,,,,,,,,,,dsid_edtn,int32,int64
m_nsys,27.0,28.0,26.0,2.0,1.0,14.0,False,"ogc_fid, wkb_geometry",geometry,,,
m_nsys_TYPE_MISMATCH,,,,,,,,,,objl,int32,float64
m_nsys_TYPE_MISMATCH,,,,,,,,,,grup,int32,float64
m_nsys_TYPE_MISMATCH,,,,,,,,,,rcid,int32,float64
m_nsys_TYPE_MISMATCH,,,,,,,,,,scamin,float64,object
m_nsys_TYPE_MISMATCH,,,,,,,,,,dsid_updn,int32,int64
m_nsys_TYPE_MISMATCH,,,,,,,,,,fids,int32,float64
m_nsys_TYPE_MISMATCH,,,,,,,,,,scamax,float64,object
m_nsys_TYPE_MISMATCH,,,,,,,,,,marsys,int32,int64
m_nsys_TYPE_MISMATCH,,,,,,,,,,agen,int32,float64
m_nsys_TYPE_MISMATCH,,,,,,,,,,fidn,int32,float64
m_nsys_TYPE_MISMATCH,,,,,,,,,,orient,float64,object
m_nsys_TYPE_MISMATCH,,,,,,,,,,prim,int32,float64
m_nsys_TYPE_MISMATCH,,,,,,,,,,rver,int32,float64
m_nsys_TYPE_MISMATCH,,,,,,,,,,dsid_edtn,int32,int64
navlne,32.0,33.0,31.0,2.0,1.0,12.0,False,"ogc_fid, wkb_geometry",geometry,,,
navlne_TYPE_MISMATCH,,,,,,,,,,objl,int32,float64
navlne_TYPE_MISMATCH,,,,,,,,,,grup,int32,float64
navlne_TYPE_MISMATCH,,,,,,,,,,rcid,int32,float64
navlne_TYPE_MISMATCH,,,,,,,,,,scamin,int32,int64
navlne_TYPE_MISMATCH,,,,,,,,,,dsid_updn,int32,int64
navlne_TYPE_MISMATCH,,,,,,,,,,fids,int32,float64
navlne_TYPE_MISMATCH,,,,,,,,,,scamax,float64,object
navlne_TYPE_MISMATCH,,,,,,,,,,agen,int32,float64
navlne_TYPE_MISMATCH,,,,,,,,,,fidn,int32,float64
navlne_TYPE_MISMATCH,,,,,,,,,,prim,int32,float64
navlne_TYPE_MISMATCH,,,,,,,,,,rver,int32,float64
navlne_TYPE_MISMATCH,,,,,,,,,,dsid_edtn,int32,int64
magvar,28.0,29.0,27.0,2.0,1.0,12.0,False,"ogc_fid, wkb_geometry",geometry,,,
magvar_TYPE_MISMATCH,,,,,,,,,,objl,int32,float64
magvar_TYPE_MISMATCH,,,,,,,,,,grup,int32,float64
magvar_TYPE_MISMATCH,,,,,,,,,,rcid,int32,float64
magvar_TYPE_MISMATCH,,,,,,,,,,scamin,int32,int64
magvar_TYPE_MISMATCH,,,,,,,,,,dsid_updn,int32,int64
magvar_TYPE_MISMATCH,,,,,,,,,,fids,int32,float64
magvar_TYPE_MISMATCH,,,,,,,,,,scamax,float64,object
magvar_TYPE_MISMATCH,,,,,,,,,,agen,int32,float64
magvar_TYPE_MISMATCH,,,,,,,,,,fidn,int32,float64
magvar_TYPE_MISMATCH,,,,,,,,,,prim,int32,float64
magvar_TYPE_MISMATCH,,,,,,,,,,rver,int32,float64
magvar_TYPE_MISMATCH,,,,,,,,,,dsid_edtn,int32,int64
wrecks,41.0,42.0,40.0,2.0,1.0,20.0,False,"ogc_fid, wkb_geometry",geometry,,,
wrecks_TYPE_MISMATCH,,,,,,,,,,objl,int32,float64
wrecks_TYPE_MISMATCH,,,,,,,,,,verdat,float64,object
wrecks_TYPE_MISMATCH,,,,,,,,,,grup,int32,float64
wrecks_TYPE_MISMATCH,,,,,,,,,,rcid,int32,float64
wrecks_TYPE_MISMATCH,,,,,,,,,,dsid_updn,int32,int64
wrecks_TYPE_MISMATCH,,,,,,,,,,catwrk,int32,int64
wrecks_TYPE_MISMATCH,,,,,,,,,,fids,int32,float64
wrecks_TYPE_MISMATCH,,,,,,,,,,scamax,float64,object
wrecks_TYPE_MISMATCH,,,,,,,,,,veracc,float64,object
wrecks_TYPE_MISMATCH,,,,,,,,,,agen,int32,float64
wrecks_TYPE_MISMATCH,,,,,,,,,,fidn,int32,float64
wrecks_TYPE_MISMATCH,,,,,,,,,,souacc,float64,object
wrecks_TYPE_MISMATCH,,,,,,,,,,verlen,float64,object
wrecks_TYPE_MISMATCH,,,,,,,,,,height,float64,object
wrecks_TYPE_MISMATCH,,,,,,,,,,conrad,float64,object
wrecks_TYPE_MISMATCH,,,,,,,,,,prim,int32,float64
wrecks_TYPE_MISMATCH,,,,,,,,,,rver,int32,float64
wrecks_TYPE_MISMATCH,,,,,,,,,,dsid_edtn,int32,int64
wrecks_TYPE_MISMATCH,,,,,,,,,,convis,float64,object
wrecks_TYPE_MISMATCH,,,,,,,,,,watlev,int32,int64
morfac,46.0,47.0,45.0,2.0,1.0,22.0,False,"ogc_fid, wkb_geometry",geometry,,,
morfac_TYPE_MISMATCH,,,,,,,,,,objl,int32,float64
morfac_TYPE_MISMATCH,,,,,,,,,,verdat,float64,object
morfac_TYPE_MISMATCH,,,,,,,,,,catmor,int32,int64
morfac_TYPE_MISMATCH,,,,,,,,,,grup,int32,float64
morfac_TYPE_MISMATCH,,,,,,,,,,rcid,int32,float64
morfac_TYPE_MISMATCH,,,,,,,,,,scamin,int32,int64
morfac_TYPE_MISMATCH,,,,,,,,,,dsid_updn,int32,int64
morfac_TYPE_MISMATCH,,,,,,,,,,fids,int32,float64
morfac_TYPE_MISMATCH,,,,,,,,,,scamax,float64,object
morfac_TYPE_MISMATCH,,,,,,,,,,condtn,float64,object
morfac_TYPE_MISMATCH,,,,,,,,,,veracc,float64,object
morfac_TYPE_MISMATCH,,,,,,,,,,agen,int32,float64
morfac_TYPE_MISMATCH,,,,,,,,,,fidn,int32,float64
morfac_TYPE_MISMATCH,,,,,,,,,,verlen,float64,object
morfac_TYPE_MISMATCH,,,,,,,,,,height,float64,object
morfac_TYPE_MISMATCH,,,,,,,,,,boyshp,float64,object
morfac_TYPE_MISMATCH,,,,,,,,,,conrad,float64,object
morfac_TYPE_MISMATCH,,,,,,,,,,prim,int32,float64
morfac_TYPE_MISMATCH,,,,,,,,,,rver,int32,float64
morfac_TYPE_MISMATCH,,,,,,,,,,dsid_edtn,int32,int64
morfac_TYPE_MISMATCH,,,,,,,,,,convis,float64,object
morfac_TYPE_MISMATCH,,,,,,,,,,watlev,float64,object
curent,31.0,32.0,30.0,2.0,1.0,12.0,False,"ogc_fid, wkb_geometry",geometry,,,
curent_TYPE_MISMATCH,,,,,,,,,,objl,int32,float64
curent_TYPE_MISMATCH,,,,,,,,,,grup,int32,float64
curent_TYPE_MISMATCH,,,,,,,,,,rcid,int32,float64
curent_TYPE_MISMATCH,,,,,,,,,,scamin,int32,int64
curent_TYPE_MISMATCH,,,,,,,,,,dsid_updn,int32,int64
curent_TYPE_MISMATCH,,,,,,,,,,fids,int32,float64
curent_TYPE_MISMATCH,,,,,,,,,,scamax,float64,object
curent_TYPE_MISMATCH,,,,,,,,,,agen,int32,float64
curent_TYPE_MISMATCH,,,,,,,,,,fidn,int32,float64
curent_TYPE_MISMATCH,,,,,,,,,,prim,int32,float64
curent_TYPE_MISMATCH,,,,,,,,,,rver,int32,float64
curent_TYPE_MISMATCH,,,,,,,,,,dsid_edtn,int32,int64
boylat,42.0,43.0,41.0,2.0,1.0,18.0,False,"ogc_fid, wkb_geometry",geometry,,,
boylat_TYPE_MISMATCH,,,,,,,,,,objl,int32,float64
boylat_TYPE_MISMATCH,,,,,,,,,,grup,int32,float64
boylat_TYPE_MISMATCH,,,,,,,,,,rcid,int32,float64
boylat_TYPE_MISMATCH,,,,,,,,,,scamin,int32,int64
boylat_TYPE_MISMATCH,,,,,,,,,,dsid_updn,int32,int64
boylat_TYPE_MISMATCH,,,,,,,,,,catlam,int32,int64
boylat_TYPE_MISMATCH,,,,,,,,,,fids,int32,float64
boylat_TYPE_MISMATCH,,,,,,,,,,scamax,float64,object
boylat_TYPE_MISMATCH,,,,,,,,,,marsys,float64,object
boylat_TYPE_MISMATCH,,,,,,,,,,veracc,float64,object
boylat_TYPE_MISMATCH,,,,,,,,,,agen,int32,float64
boylat_TYPE_MISMATCH,,,,,,,,,,fidn,int32,float64
boylat_TYPE_MISMATCH,,,,,,,,,,verlen,float64,object
boylat_TYPE_MISMATCH,,,,,,,,,,boyshp,int32,int64
boylat_TYPE_MISMATCH,,,,,,,,,,conrad,float64,object
boylat_TYPE_MISMATCH,,,,,,,,,,prim,int32,float64
boylat_TYPE_MISMATCH,,,,,,,,,,rver,int32,float64
boylat_TYPE_MISMATCH,,,,,,,,,,dsid_edtn,int32,int64
rectrc,41.0,42.0,40.0,2.0,1.0,18.0,False,"ogc_fid, wkb_geometry",geometry,,,
rectrc_TYPE_MISMATCH,,,,,,,,,,objl,int32,float64
rectrc_TYPE_MISMATCH,,,,,,,,,,drval1,float64,object
rectrc_TYPE_MISMATCH,,,,,,,,,,verdat,float64,object
rectrc_TYPE_MISMATCH,,,,,,,,,,grup,int32,float64
rectrc_TYPE_MISMATCH,,,,,,,,,,rcid,int32,float64
rectrc_TYPE_MISMATCH,,,,,,,,,,scamin,int32,int64
rectrc_TYPE_MISMATCH,,,,,,,,,,dsid_updn,int32,int64
rectrc_TYPE_MISMATCH,,,,,,,,,,fids,int32,float64
rectrc_TYPE_MISMATCH,,,,,,,,,,scamax,float64,object
rectrc_TYPE_MISMATCH,,,,,,,,,,agen,int32,float64
rectrc_TYPE_MISMATCH,,,,,,,,,,fidn,int32,float64
rectrc_TYPE_MISMATCH,,,,,,,,,,cattrk,int32,int64
rectrc_TYPE_MISMATCH,,,,,,,,,,souacc,float64,object
rectrc_TYPE_MISMATCH,,,,,,,,,,trafic,int32,int64
rectrc_TYPE_MISMATCH,,,,,,,,,,drval2,float64,object
rectrc_TYPE_MISMATCH,,,,,,,,,,prim,int32,float64
rectrc_TYPE_MISMATCH,,,,,,,,,,rver,int32,float64
rectrc_TYPE_MISMATCH,,,,,,,,,,dsid_edtn,int32,int64
bcnlat,47.0,48.0,46.0,2.0,1.0,21.0,False,"ogc_fid, wkb_geometry",geometry,,,
bcnlat_TYPE_MISMATCH,,,,,,,,,,objl,int32,float64
bcnlat_TYPE_MISMATCH,,,,,,,,,,verdat,float64,object
bcnlat_TYPE_MISMATCH,,,,,,,,,,grup,int32,float64
bcnlat_TYPE_MISMATCH,,,,,,,,,,rcid,int32,float64
bcnlat_TYPE_MISMATCH,,,,,,,,,,scamin,int32,int64
bcnlat_TYPE_MISMATCH,,,,,,,,,,dsid_updn,int32,int64
bcnlat_TYPE_MISMATCH,,,,,,,,,,catlam,int32,int64
bcnlat_TYPE_MISMATCH,,,,,,,,,,fids,int32,float64
bcnlat_TYPE_MISMATCH,,,,,,,,,,scamax,float64,object
bcnlat_TYPE_MISMATCH,,,,,,,,,,marsys,float64,object
bcnlat_TYPE_MISMATCH,,,,,,,,,,condtn,float64,object
bcnlat_TYPE_MISMATCH,,,,,,,,,,veracc,float64,object
bcnlat_TYPE_MISMATCH,,,,,,,,,,agen,int32,float64
bcnlat_TYPE_MISMATCH,,,,,,,,,,fidn,int32,float64
bcnlat_TYPE_MISMATCH,,,,,,,,,,bcnshp,int32,int64
bcnlat_TYPE_MISMATCH,,,,,,,,,,verlen,float64,object
bcnlat_TYPE_MISMATCH,,,,,,,,,,prim,int32,float64
bcnlat_TYPE_MISMATCH,,,,,,,,,,rver,int32,float64
bcnlat_TYPE_MISMATCH,,,,,,,,,,elevat,float64,object
bcnlat_TYPE_MISMATCH,,,,,,,,,,dsid_edtn,int32,int64
bcnlat_TYPE_MISMATCH,,,,,,,,,,convis,float64,object
admare,30.0,31.0,29.0,2.0,1.0,13.0,False,"ogc_fid, wkb_geometry",geometry,,,
admare_TYPE_MISMATCH,,,,,,,,,,objl,int32,float64
admare_TYPE_MISMATCH,,,,,,,,,,grup,int32,float64
admare_TYPE_MISMATCH,,,,,,,,,,rcid,int32,float64
admare_TYPE_MISMATCH,,,,,,,,,,scamin,int32,int64
admare_TYPE_MISMATCH,,,,,,,,,,dsid_updn,int32,int64
admare_TYPE_MISMATCH,,,,,,,,,,fids,int32,float64
admare_TYPE_MISMATCH,,,,,,,,,,jrsdtn,int32,int64
admare_TYPE_MISMATCH,,,,,,,,,,scamax,float64,object
admare_TYPE_MISMATCH,,,,,,,,,,agen,int32,float64
admare_TYPE_MISMATCH,,,,,,,,,,fidn,int32,float64
admare_TYPE_MISMATCH,,,,,,,,,,prim,int32,float64
admare_TYPE_MISMATCH,,,,,,,,,,rver,int32,float64
admare_TYPE_MISMATCH,,,,,,,,,,dsid_edtn,int32,int64
siltnk,43.0,44.0,42.0,2.0,1.0,20.0,False,"ogc_fid, wkb_geometry",geometry,,,
siltnk_TYPE_MISMATCH,,,,,,,,,,objl,int32,float64
siltnk_TYPE_MISMATCH,,,,,,,,,,catsil,int32,int64
siltnk_TYPE_MISMATCH,,,,,,,,,,verdat,float64,object
siltnk_TYPE_MISMATCH,,,,,,,,,,buishp,float64,object
siltnk_TYPE_MISMATCH,,,,,,,,,,grup,int32,float64
siltnk_TYPE_MISMATCH,,,,,,,,,,rcid,int32,float64
siltnk_TYPE_MISMATCH,,,,,,,,,,scamin,int32,int64
siltnk_TYPE_MISMATCH,,,,,,,,,,dsid_updn,int32,int64
siltnk_TYPE_MISMATCH,,,,,,,,,,fids,int32,float64
siltnk_TYPE_MISMATCH,,,,,,,,,,scamax,float64,object
siltnk_TYPE_MISMATCH,,,,,,,,,,condtn,float64,object
siltnk_TYPE_MISMATCH,,,,,,,,,,veracc,float64,object
siltnk_TYPE_MISMATCH,,,,,,,,,,agen,int32,float64
siltnk_TYPE_MISMATCH,,,,,,,,,,fidn,int32,float64
siltnk_TYPE_MISMATCH,,,,,,,,,,height,float64,object
siltnk_TYPE_MISMATCH,,,,,,,,,,conrad,float64,object
siltnk_TYPE_MISMATCH,,,,,,,,,,prim,int32,float64
siltnk_TYPE_MISMATCH,,,,,,,,,,rver,int32,float64
siltnk_TYPE_MISMATCH,,,,,,,,,,elevat,float64,object
siltnk_TYPE_MISMATCH,,,,,,,,,,dsid_edtn,int32,int64
