attribute,spatialite,postgis,notes
METADATA_LAYER_NAME,buisgl,buisgl,Layer comparison between spatialite and postgis
METADATA_TOTAL_FEATURES,20,20,Total features in each format
METADATA_TOTAL_COLUMNS,35,43,Total columns in each format
SEPARATOR_COLUMN_PRESENCE,--- COLUMN PRESENCE ---,--- COLUMN PRESENCE ---,Which columns exist in each format
COLUMN_PRESENT_agen,YES,YES,Column agen presence
COLUMN_PRESENT_buishp,YES,YES,Column buishp presence
COLUMN_PRESENT_colour,NO,YES,Column colour presence
COLUMN_PRESENT_colpat,NO,YES,Column colpat presence
COLUMN_PRESENT_condtn,YES,YES,Column condtn presence
COLUMN_PRESENT_conrad,YES,YES,Column conrad presence
COLUMN_PRESENT_convis,YES,YES,Column convis presence
COLUMN_PRESENT_dsid_dsnm,YES,YES,Column dsid_dsnm presence
COLUMN_PRESENT_dsid_edtn,YES,YES,Column dsid_edtn presence
COLUMN_PRESENT_dsid_updn,YES,YES,Column dsid_updn presence
COLUMN_PRESENT_elevat,YES,YES,Column elevat presence
COLUMN_PRESENT_feature_id,NO,YES,Column feature_id presence
COLUMN_PRESENT_ffpt_rind,NO,YES,Column ffpt_rind presence
COLUMN_PRESENT_fidn,YES,YES,Column fidn presence
COLUMN_PRESENT_fids,YES,YES,Column fids presence
COLUMN_PRESENT_functn,NO,YES,Column functn presence
COLUMN_PRESENT_grup,YES,YES,Column grup presence
COLUMN_PRESENT_height,YES,YES,Column height presence
COLUMN_PRESENT_inform,YES,YES,Column inform presence
COLUMN_PRESENT_lnam,YES,YES,Column lnam presence
COLUMN_PRESENT_lnam_refs,NO,YES,Column lnam_refs presence
COLUMN_PRESENT_natcon,NO,YES,Column natcon presence
COLUMN_PRESENT_ninfom,YES,YES,Column ninfom presence
COLUMN_PRESENT_nobjnm,YES,YES,Column nobjnm presence
COLUMN_PRESENT_ntxtds,YES,YES,Column ntxtds presence
COLUMN_PRESENT_objl,YES,YES,Column objl presence
COLUMN_PRESENT_objnam,YES,YES,Column objnam presence
COLUMN_PRESENT_picrep,YES,YES,Column picrep presence
COLUMN_PRESENT_prim,YES,YES,Column prim presence
COLUMN_PRESENT_rcid,YES,YES,Column rcid presence
COLUMN_PRESENT_recdat,YES,YES,Column recdat presence
COLUMN_PRESENT_recind,YES,YES,Column recind presence
COLUMN_PRESENT_rver,YES,YES,Column rver presence
COLUMN_PRESENT_scamax,YES,YES,Column scamax presence
COLUMN_PRESENT_scamin,YES,YES,Column scamin presence
COLUMN_PRESENT_sordat,YES,YES,Column sordat presence
COLUMN_PRESENT_sorind,YES,YES,Column sorind presence
COLUMN_PRESENT_status,NO,YES,Column status presence
COLUMN_PRESENT_txtdsc,YES,YES,Column txtdsc presence
COLUMN_PRESENT_veracc,YES,YES,Column veracc presence
COLUMN_PRESENT_verdat,YES,YES,Column verdat presence
COLUMN_PRESENT_verlen,YES,YES,Column verlen presence
SEPARATOR_DATA_TYPES,--- DATA TYPES ---,--- DATA TYPES ---,Data types for each column
DATATYPE_agen,int32,float64,Data type for agen - MISMATCH!
DATATYPE_buishp,float64,object,Data type for buishp - MISMATCH!
DATATYPE_condtn,float64,object,Data type for condtn - MISMATCH!
DATATYPE_conrad,float64,object,Data type for conrad - MISMATCH!
DATATYPE_convis,float64,object,Data type for convis - MISMATCH!
DATATYPE_dsid_dsnm,object,object,Data type for dsid_dsnm
DATATYPE_dsid_edtn,int32,int64,Data type for dsid_edtn - MISMATCH!
DATATYPE_dsid_updn,int32,int64,Data type for dsid_updn - MISMATCH!
DATATYPE_elevat,float64,object,Data type for elevat - MISMATCH!
DATATYPE_fidn,int32,float64,Data type for fidn - MISMATCH!
DATATYPE_fids,int32,float64,Data type for fids - MISMATCH!
DATATYPE_grup,int32,float64,Data type for grup - MISMATCH!
DATATYPE_height,float64,float64,Data type for height
DATATYPE_inform,object,object,Data type for inform
DATATYPE_lnam,object,object,Data type for lnam
DATATYPE_ninfom,object,object,Data type for ninfom
DATATYPE_nobjnm,object,object,Data type for nobjnm
DATATYPE_ntxtds,object,object,Data type for ntxtds
DATATYPE_objl,int32,float64,Data type for objl - MISMATCH!
DATATYPE_objnam,object,object,Data type for objnam
DATATYPE_picrep,object,object,Data type for picrep
DATATYPE_prim,int32,float64,Data type for prim - MISMATCH!
DATATYPE_rcid,int32,float64,Data type for rcid - MISMATCH!
DATATYPE_recdat,object,object,Data type for recdat
DATATYPE_recind,object,object,Data type for recind
DATATYPE_rver,int32,float64,Data type for rver - MISMATCH!
DATATYPE_scamax,float64,object,Data type for scamax - MISMATCH!
DATATYPE_scamin,int32,int64,Data type for scamin - MISMATCH!
DATATYPE_sordat,object,object,Data type for sordat
DATATYPE_sorind,object,object,Data type for sorind
DATATYPE_txtdsc,object,object,Data type for txtdsc
DATATYPE_veracc,float64,object,Data type for veracc - MISMATCH!
DATATYPE_verdat,float64,object,Data type for verdat - MISMATCH!
DATATYPE_verlen,float64,object,Data type for verlen - MISMATCH!
SEPARATOR_FEATURE_SAMPLES,--- FEATURE SAMPLES (10) ---,--- FEATURE SAMPLES (10) ---,Sample of 10 features from each format
SAMPLE_FEATURE_1_SEPARATOR,--- FEATURE 1 ---,--- FEATURE 1 ---,Feature 1 sample
SAMPLE_F1_agen,550,550.0,Feature 1 - agen - VALUES DIFFER!
SAMPLE_F1_buishp,nan,None,Feature 1 - buishp
SAMPLE_F1_condtn,nan,None,Feature 1 - condtn
SAMPLE_F1_conrad,nan,None,Feature 1 - conrad
SAMPLE_F1_convis,nan,None,Feature 1 - convis
SAMPLE_F1_dsid_dsnm,US3CA52M,US3CA52M,Feature 1 - dsid_dsnm
SAMPLE_F1_dsid_edtn,31,31,Feature 1 - dsid_edtn
SAMPLE_F1_dsid_updn,0,0,Feature 1 - dsid_updn
SAMPLE_F1_elevat,nan,None,Feature 1 - elevat
SAMPLE_F1_fidn,315798936,315798936.0,Feature 1 - fidn - VALUES DIFFER!
SAMPLE_F1_fids,2266,2266.0,Feature 1 - fids - VALUES DIFFER!
SAMPLE_F1_geometry,"POLYGON ((-121.9206938 36.5435601, -121.9200148 36...","POLYGON ((-121.9206938 36.5435601, -121.9200148 36...",Feature 1 - geometry
SAMPLE_F1_grup,2,2.0,Feature 1 - grup - VALUES DIFFER!
SAMPLE_F1_height,nan,nan,Feature 1 - height
SAMPLE_F1_inform,None,None,Feature 1 - inform
SAMPLE_F1_lnam,022612D2B59808DA,022612D2B59808DA,Feature 1 - lnam
SAMPLE_F1_ninfom,None,None,Feature 1 - ninfom
SAMPLE_F1_nobjnm,None,None,Feature 1 - nobjnm
SAMPLE_F1_ntxtds,None,None,Feature 1 - ntxtds
SAMPLE_F1_objl,12,12.0,Feature 1 - objl - VALUES DIFFER!
SAMPLE_F1_objnam,None,None,Feature 1 - objnam
SAMPLE_F1_picrep,None,None,Feature 1 - picrep
SAMPLE_F1_prim,3,3.0,Feature 1 - prim - VALUES DIFFER!
SAMPLE_F1_rcid,235,235.0,Feature 1 - rcid - VALUES DIFFER!
SAMPLE_F1_recdat,None,None,Feature 1 - recdat
SAMPLE_F1_recind,None,None,Feature 1 - recind
SAMPLE_F1_rver,1,1.0,Feature 1 - rver - VALUES DIFFER!
SAMPLE_F1_scamax,nan,None,Feature 1 - scamax
SAMPLE_F1_scamin,259999,259999,Feature 1 - scamin
SAMPLE_F1_sordat,201305,201305,Feature 1 - sordat
SAMPLE_F1_sorind,"US,US,graph,Chart 18680","US,US,graph,Chart 18680",Feature 1 - sorind
SAMPLE_F1_txtdsc,None,None,Feature 1 - txtdsc
SAMPLE_F1_veracc,nan,None,Feature 1 - veracc
SAMPLE_F1_verdat,nan,None,Feature 1 - verdat
SAMPLE_F1_verlen,nan,None,Feature 1 - verlen
SAMPLE_FEATURE_2_SEPARATOR,--- FEATURE 2 ---,--- FEATURE 2 ---,Feature 2 sample
SAMPLE_F2_agen,550,550.0,Feature 2 - agen - VALUES DIFFER!
SAMPLE_F2_buishp,nan,None,Feature 2 - buishp
SAMPLE_F2_condtn,nan,None,Feature 2 - condtn
SAMPLE_F2_conrad,nan,None,Feature 2 - conrad
SAMPLE_F2_convis,nan,None,Feature 2 - convis
SAMPLE_F2_dsid_dsnm,US3CA52M,US3CA52M,Feature 2 - dsid_dsnm
SAMPLE_F2_dsid_edtn,31,31,Feature 2 - dsid_edtn
SAMPLE_F2_dsid_updn,0,0,Feature 2 - dsid_updn
SAMPLE_F2_elevat,nan,None,Feature 2 - elevat
SAMPLE_F2_fidn,133656843,133656843.0,Feature 2 - fidn - VALUES DIFFER!
SAMPLE_F2_fids,1764,1764.0,Feature 2 - fids - VALUES DIFFER!
SAMPLE_F2_geometry,"POLYGON ((-121.818437 36.86594, -121.8192782 36.86...","POLYGON ((-121.818437 36.86594, -121.8192782 36.86...",Feature 2 - geometry
SAMPLE_F2_grup,2,2.0,Feature 2 - grup - VALUES DIFFER!
SAMPLE_F2_height,nan,nan,Feature 2 - height
SAMPLE_F2_inform,None,None,Feature 2 - inform
SAMPLE_F2_lnam,022607F7710B06E4,022607F7710B06E4,Feature 2 - lnam
SAMPLE_F2_ninfom,None,None,Feature 2 - ninfom
SAMPLE_F2_nobjnm,None,None,Feature 2 - nobjnm
SAMPLE_F2_ntxtds,None,None,Feature 2 - ntxtds
SAMPLE_F2_objl,12,12.0,Feature 2 - objl - VALUES DIFFER!
SAMPLE_F2_objnam,None,None,Feature 2 - objnam
SAMPLE_F2_picrep,None,None,Feature 2 - picrep
SAMPLE_F2_prim,3,3.0,Feature 2 - prim - VALUES DIFFER!
SAMPLE_F2_rcid,236,236.0,Feature 2 - rcid - VALUES DIFFER!
SAMPLE_F2_recdat,None,None,Feature 2 - recdat
SAMPLE_F2_recind,None,None,Feature 2 - recind
SAMPLE_F2_rver,1,1.0,Feature 2 - rver - VALUES DIFFER!
SAMPLE_F2_scamax,nan,None,Feature 2 - scamax
SAMPLE_F2_scamin,259999,259999,Feature 2 - scamin
SAMPLE_F2_sordat,201305,201305,Feature 2 - sordat
SAMPLE_F2_sorind,"US,US,graph,Chart 18680","US,US,graph,Chart 18680",Feature 2 - sorind
SAMPLE_F2_txtdsc,None,None,Feature 2 - txtdsc
SAMPLE_F2_veracc,nan,None,Feature 2 - veracc
SAMPLE_F2_verdat,nan,None,Feature 2 - verdat
SAMPLE_F2_verlen,nan,None,Feature 2 - verlen
SAMPLE_FEATURE_3_SEPARATOR,--- FEATURE 3 ---,--- FEATURE 3 ---,Feature 3 sample
SAMPLE_F3_agen,550,550.0,Feature 3 - agen - VALUES DIFFER!
SAMPLE_F3_buishp,nan,None,Feature 3 - buishp
SAMPLE_F3_condtn,nan,None,Feature 3 - condtn
SAMPLE_F3_conrad,nan,None,Feature 3 - conrad
SAMPLE_F3_convis,nan,None,Feature 3 - convis
SAMPLE_F3_dsid_dsnm,US3CA52M,US3CA52M,Feature 3 - dsid_dsnm
SAMPLE_F3_dsid_edtn,31,31,Feature 3 - dsid_edtn
SAMPLE_F3_dsid_updn,0,0,Feature 3 - dsid_updn
SAMPLE_F3_elevat,nan,None,Feature 3 - elevat
SAMPLE_F3_fidn,18685515,18685515.0,Feature 3 - fidn - VALUES DIFFER!
SAMPLE_F3_fids,50,50.0,Feature 3 - fids - VALUES DIFFER!
SAMPLE_F3_geometry,Point(1),Point(1),Feature 3 - geometry
SAMPLE_F3_grup,2,2.0,Feature 3 - grup - VALUES DIFFER!
SAMPLE_F3_height,nan,nan,Feature 3 - height
SAMPLE_F3_inform,None,None,Feature 3 - inform
SAMPLE_F3_lnam,0226011D1E4B0032,0226011D1E4B0032,Feature 3 - lnam
SAMPLE_F3_ninfom,None,None,Feature 3 - ninfom
SAMPLE_F3_nobjnm,None,None,Feature 3 - nobjnm
SAMPLE_F3_ntxtds,None,None,Feature 3 - ntxtds
SAMPLE_F3_objl,12,12.0,Feature 3 - objl - VALUES DIFFER!
SAMPLE_F3_objnam,None,None,Feature 3 - objnam
SAMPLE_F3_picrep,None,None,Feature 3 - picrep
SAMPLE_F3_prim,1,1.0,Feature 3 - prim - VALUES DIFFER!
SAMPLE_F3_rcid,279,279.0,Feature 3 - rcid - VALUES DIFFER!
SAMPLE_F3_recdat,None,None,Feature 3 - recdat
SAMPLE_F3_recind,None,None,Feature 3 - recind
SAMPLE_F3_rver,1,1.0,Feature 3 - rver - VALUES DIFFER!
SAMPLE_F3_scamax,nan,None,Feature 3 - scamax
SAMPLE_F3_scamin,259999,259999,Feature 3 - scamin
SAMPLE_F3_sordat,201305,201305,Feature 3 - sordat
SAMPLE_F3_sorind,"US,US,graph,Chart 18680","US,US,graph,Chart 18680",Feature 3 - sorind
SAMPLE_F3_txtdsc,None,None,Feature 3 - txtdsc
SAMPLE_F3_veracc,nan,None,Feature 3 - veracc
SAMPLE_F3_verdat,nan,None,Feature 3 - verdat
SAMPLE_F3_verlen,nan,None,Feature 3 - verlen
SAMPLE_FEATURE_4_SEPARATOR,--- FEATURE 4 ---,--- FEATURE 4 ---,Feature 4 sample
SAMPLE_F4_agen,550,550.0,Feature 4 - agen - VALUES DIFFER!
SAMPLE_F4_buishp,nan,None,Feature 4 - buishp
SAMPLE_F4_condtn,nan,None,Feature 4 - condtn
SAMPLE_F4_conrad,nan,None,Feature 4 - conrad
SAMPLE_F4_convis,nan,None,Feature 4 - convis
SAMPLE_F4_dsid_dsnm,US3CA52M,US3CA52M,Feature 4 - dsid_dsnm
SAMPLE_F4_dsid_edtn,31,31,Feature 4 - dsid_edtn
SAMPLE_F4_dsid_updn,0,0,Feature 4 - dsid_updn
SAMPLE_F4_elevat,nan,None,Feature 4 - elevat
SAMPLE_F4_fidn,22211880,22211880.0,Feature 4 - fidn - VALUES DIFFER!
SAMPLE_F4_fids,50,50.0,Feature 4 - fids - VALUES DIFFER!
SAMPLE_F4_geometry,Point(1),Point(1),Feature 4 - geometry
SAMPLE_F4_grup,2,2.0,Feature 4 - grup - VALUES DIFFER!
SAMPLE_F4_height,8.5,8.5,Feature 4 - height
SAMPLE_F4_inform,None,None,Feature 4 - inform
SAMPLE_F4_lnam,02260152ED280032,02260152ED280032,Feature 4 - lnam
SAMPLE_F4_ninfom,None,None,Feature 4 - ninfom
SAMPLE_F4_nobjnm,None,None,Feature 4 - nobjnm
SAMPLE_F4_ntxtds,None,None,Feature 4 - ntxtds
SAMPLE_F4_objl,12,12.0,Feature 4 - objl - VALUES DIFFER!
SAMPLE_F4_objnam,Point Pinos Light,Point Pinos Light,Feature 4 - objnam
SAMPLE_F4_picrep,None,None,Feature 4 - picrep
SAMPLE_F4_prim,1,1.0,Feature 4 - prim - VALUES DIFFER!
SAMPLE_F4_rcid,280,280.0,Feature 4 - rcid - VALUES DIFFER!
SAMPLE_F4_recdat,None,None,Feature 4 - recdat
SAMPLE_F4_recind,None,None,Feature 4 - recind
SAMPLE_F4_rver,1,1.0,Feature 4 - rver - VALUES DIFFER!
SAMPLE_F4_scamax,nan,None,Feature 4 - scamax
SAMPLE_F4_scamin,499999,499999,Feature 4 - scamin
SAMPLE_F4_sordat,20080805,20080805,Feature 4 - sordat
SAMPLE_F4_sorind,"US,US,reprt,11thCGD,LNM 32/08","US,US,reprt,11thCGD,LNM 32/08",Feature 4 - sorind
SAMPLE_F4_txtdsc,None,None,Feature 4 - txtdsc
SAMPLE_F4_veracc,nan,None,Feature 4 - veracc
SAMPLE_F4_verdat,nan,None,Feature 4 - verdat
SAMPLE_F4_verlen,nan,None,Feature 4 - verlen
SAMPLE_FEATURE_5_SEPARATOR,--- FEATURE 5 ---,--- FEATURE 5 ---,Feature 5 sample
SAMPLE_F5_agen,550,550.0,Feature 5 - agen - VALUES DIFFER!
SAMPLE_F5_buishp,nan,None,Feature 5 - buishp
SAMPLE_F5_condtn,nan,None,Feature 5 - condtn
SAMPLE_F5_conrad,nan,None,Feature 5 - conrad
SAMPLE_F5_convis,nan,None,Feature 5 - convis
SAMPLE_F5_dsid_dsnm,US3CA52M,US3CA52M,Feature 5 - dsid_dsnm
SAMPLE_F5_dsid_edtn,31,31,Feature 5 - dsid_edtn
SAMPLE_F5_dsid_updn,0,0,Feature 5 - dsid_updn
SAMPLE_F5_elevat,nan,None,Feature 5 - elevat
SAMPLE_F5_fidn,4286918,4286918.0,Feature 5 - fidn - VALUES DIFFER!
SAMPLE_F5_fids,3914,3914.0,Feature 5 - fids - VALUES DIFFER!
SAMPLE_F5_geometry,Point(1),Point(1),Feature 5 - geometry
SAMPLE_F5_grup,2,2.0,Feature 5 - grup - VALUES DIFFER!
SAMPLE_F5_height,11.8,11.8,Feature 5 - height
SAMPLE_F5_inform,White lantern ouse on brick building,White lantern ouse on brick building,Feature 5 - inform
SAMPLE_F5_lnam,0226004169C60F4A,0226004169C60F4A,Feature 5 - lnam
SAMPLE_F5_ninfom,None,None,Feature 5 - ninfom
SAMPLE_F5_nobjnm,None,None,Feature 5 - nobjnm
SAMPLE_F5_ntxtds,None,None,Feature 5 - ntxtds
SAMPLE_F5_objl,12,12.0,Feature 5 - objl - VALUES DIFFER!
SAMPLE_F5_objnam,Santa Cruz Light,Santa Cruz Light,Feature 5 - objnam
SAMPLE_F5_picrep,None,None,Feature 5 - picrep
SAMPLE_F5_prim,1,1.0,Feature 5 - prim - VALUES DIFFER!
SAMPLE_F5_rcid,281,281.0,Feature 5 - rcid - VALUES DIFFER!
SAMPLE_F5_recdat,None,None,Feature 5 - recdat
SAMPLE_F5_recind,None,None,Feature 5 - recind
SAMPLE_F5_rver,1,1.0,Feature 5 - rver - VALUES DIFFER!
SAMPLE_F5_scamax,nan,None,Feature 5 - scamax
SAMPLE_F5_scamin,499999,499999,Feature 5 - scamin
SAMPLE_F5_sordat,20161206,20161206,Feature 5 - sordat
SAMPLE_F5_sorind,"US,US,reprt,11thCGD,LNM 49/16","US,US,reprt,11thCGD,LNM 49/16",Feature 5 - sorind
SAMPLE_F5_txtdsc,None,None,Feature 5 - txtdsc
SAMPLE_F5_veracc,nan,None,Feature 5 - veracc
SAMPLE_F5_verdat,nan,None,Feature 5 - verdat
SAMPLE_F5_verlen,nan,None,Feature 5 - verlen
SAMPLE_FEATURE_6_SEPARATOR,--- FEATURE 6 ---,--- FEATURE 6 ---,Feature 6 sample
SAMPLE_F6_agen,550,550.0,Feature 6 - agen - VALUES DIFFER!
SAMPLE_F6_buishp,nan,None,Feature 6 - buishp
SAMPLE_F6_condtn,nan,None,Feature 6 - condtn
SAMPLE_F6_conrad,nan,None,Feature 6 - conrad
SAMPLE_F6_convis,nan,None,Feature 6 - convis
SAMPLE_F6_dsid_dsnm,US3CA52M,US3CA52M,Feature 6 - dsid_dsnm
SAMPLE_F6_dsid_edtn,31,31,Feature 6 - dsid_edtn
SAMPLE_F6_dsid_updn,0,0,Feature 6 - dsid_updn
SAMPLE_F6_elevat,nan,None,Feature 6 - elevat
SAMPLE_F6_fidn,18685509,18685509.0,Feature 6 - fidn - VALUES DIFFER!
SAMPLE_F6_fids,50,50.0,Feature 6 - fids - VALUES DIFFER!
SAMPLE_F6_geometry,Point(1),Point(1),Feature 6 - geometry
SAMPLE_F6_grup,2,2.0,Feature 6 - grup - VALUES DIFFER!
SAMPLE_F6_height,nan,nan,Feature 6 - height
SAMPLE_F6_inform,None,None,Feature 6 - inform
SAMPLE_F6_lnam,0226011D1E450032,0226011D1E450032,Feature 6 - lnam
SAMPLE_F6_ninfom,None,None,Feature 6 - ninfom
SAMPLE_F6_nobjnm,None,None,Feature 6 - nobjnm
SAMPLE_F6_ntxtds,None,None,Feature 6 - ntxtds
SAMPLE_F6_objl,12,12.0,Feature 6 - objl - VALUES DIFFER!
SAMPLE_F6_objnam,None,None,Feature 6 - objnam
SAMPLE_F6_picrep,None,None,Feature 6 - picrep
SAMPLE_F6_prim,1,1.0,Feature 6 - prim - VALUES DIFFER!
SAMPLE_F6_rcid,282,282.0,Feature 6 - rcid - VALUES DIFFER!
SAMPLE_F6_recdat,None,None,Feature 6 - recdat
SAMPLE_F6_recind,None,None,Feature 6 - recind
SAMPLE_F6_rver,1,1.0,Feature 6 - rver - VALUES DIFFER!
SAMPLE_F6_scamax,nan,None,Feature 6 - scamax
SAMPLE_F6_scamin,259999,259999,Feature 6 - scamin
SAMPLE_F6_sordat,201305,201305,Feature 6 - sordat
SAMPLE_F6_sorind,"US,US,graph,Chart 18680","US,US,graph,Chart 18680",Feature 6 - sorind
SAMPLE_F6_txtdsc,None,None,Feature 6 - txtdsc
SAMPLE_F6_veracc,nan,None,Feature 6 - veracc
SAMPLE_F6_verdat,nan,None,Feature 6 - verdat
SAMPLE_F6_verlen,nan,None,Feature 6 - verlen
SAMPLE_FEATURE_7_SEPARATOR,--- FEATURE 7 ---,--- FEATURE 7 ---,Feature 7 sample
SAMPLE_F7_agen,550,550.0,Feature 7 - agen - VALUES DIFFER!
SAMPLE_F7_buishp,nan,None,Feature 7 - buishp
SAMPLE_F7_condtn,nan,None,Feature 7 - condtn
SAMPLE_F7_conrad,nan,None,Feature 7 - conrad
SAMPLE_F7_convis,nan,None,Feature 7 - convis
SAMPLE_F7_dsid_dsnm,US4CA60M,US4CA60M,Feature 7 - dsid_dsnm
SAMPLE_F7_dsid_edtn,37,37,Feature 7 - dsid_edtn
SAMPLE_F7_dsid_updn,6,6,Feature 7 - dsid_updn
SAMPLE_F7_elevat,nan,None,Feature 7 - elevat
SAMPLE_F7_fidn,18998208,18998208.0,Feature 7 - fidn - VALUES DIFFER!
SAMPLE_F7_fids,50,50.0,Feature 7 - fids - VALUES DIFFER!
SAMPLE_F7_geometry,"POLYGON ((-118.1183962 33.7782477, -118.1176878 33...","POLYGON ((-118.1183962 33.7782477, -118.1176878 33...",Feature 7 - geometry
SAMPLE_F7_grup,2,2.0,Feature 7 - grup - VALUES DIFFER!
SAMPLE_F7_height,nan,nan,Feature 7 - height
SAMPLE_F7_inform,None,None,Feature 7 - inform
SAMPLE_F7_lnam,02260121E3C00032,02260121E3C00032,Feature 7 - lnam
SAMPLE_F7_ninfom,None,None,Feature 7 - ninfom
SAMPLE_F7_nobjnm,None,None,Feature 7 - nobjnm
SAMPLE_F7_ntxtds,None,None,Feature 7 - ntxtds
SAMPLE_F7_objl,12,12.0,Feature 7 - objl - VALUES DIFFER!
SAMPLE_F7_objnam,None,None,Feature 7 - objnam
SAMPLE_F7_picrep,None,None,Feature 7 - picrep
SAMPLE_F7_prim,3,3.0,Feature 7 - prim - VALUES DIFFER!
SAMPLE_F7_rcid,966,966.0,Feature 7 - rcid - VALUES DIFFER!
SAMPLE_F7_recdat,None,None,Feature 7 - recdat
SAMPLE_F7_recind,None,None,Feature 7 - recind
SAMPLE_F7_rver,1,1.0,Feature 7 - rver - VALUES DIFFER!
SAMPLE_F7_scamax,nan,None,Feature 7 - scamax
SAMPLE_F7_scamin,89999,89999,Feature 7 - scamin
SAMPLE_F7_sordat,201306,201306,Feature 7 - sordat
SAMPLE_F7_sorind,"US,US,graph,Chart 18746","US,US,graph,Chart 18746",Feature 7 - sorind
SAMPLE_F7_txtdsc,None,None,Feature 7 - txtdsc
SAMPLE_F7_veracc,nan,None,Feature 7 - veracc
SAMPLE_F7_verdat,nan,None,Feature 7 - verdat
SAMPLE_F7_verlen,nan,None,Feature 7 - verlen
SAMPLE_FEATURE_8_SEPARATOR,--- FEATURE 8 ---,--- FEATURE 8 ---,Feature 8 sample
SAMPLE_F8_agen,550,550.0,Feature 8 - agen - VALUES DIFFER!
SAMPLE_F8_buishp,nan,None,Feature 8 - buishp
SAMPLE_F8_condtn,nan,None,Feature 8 - condtn
SAMPLE_F8_conrad,nan,None,Feature 8 - conrad
SAMPLE_F8_convis,nan,None,Feature 8 - convis
SAMPLE_F8_dsid_dsnm,US4CA60M,US4CA60M,Feature 8 - dsid_dsnm
SAMPLE_F8_dsid_edtn,37,37,Feature 8 - dsid_edtn
SAMPLE_F8_dsid_updn,6,6,Feature 8 - dsid_updn
SAMPLE_F8_elevat,nan,None,Feature 8 - elevat
SAMPLE_F8_fidn,274898794,274898794.0,Feature 8 - fidn - VALUES DIFFER!
SAMPLE_F8_fids,4121,4121.0,Feature 8 - fids - VALUES DIFFER!
SAMPLE_F8_geometry,Point(1),Point(1),Feature 8 - geometry
SAMPLE_F8_grup,2,2.0,Feature 8 - grup - VALUES DIFFER!
SAMPLE_F8_height,nan,nan,Feature 8 - height
SAMPLE_F8_inform,None,None,Feature 8 - inform
SAMPLE_F8_lnam,022610629F6A1019,022610629F6A1019,Feature 8 - lnam
SAMPLE_F8_ninfom,None,None,Feature 8 - ninfom
SAMPLE_F8_nobjnm,None,None,Feature 8 - nobjnm
SAMPLE_F8_ntxtds,None,None,Feature 8 - ntxtds
SAMPLE_F8_objl,12,12.0,Feature 8 - objl - VALUES DIFFER!
SAMPLE_F8_objnam,None,None,Feature 8 - objnam
SAMPLE_F8_picrep,None,None,Feature 8 - picrep
SAMPLE_F8_prim,1,1.0,Feature 8 - prim - VALUES DIFFER!
SAMPLE_F8_rcid,988,988.0,Feature 8 - rcid - VALUES DIFFER!
SAMPLE_F8_recdat,None,None,Feature 8 - recdat
SAMPLE_F8_recind,None,None,Feature 8 - recind
SAMPLE_F8_rver,1,1.0,Feature 8 - rver - VALUES DIFFER!
SAMPLE_F8_scamax,nan,None,Feature 8 - scamax
SAMPLE_F8_scamin,89999,89999,Feature 8 - scamin
SAMPLE_F8_sordat,200311,200311,Feature 8 - sordat
SAMPLE_F8_sorind,"US,US,graph,Chart 18746","US,US,graph,Chart 18746",Feature 8 - sorind
SAMPLE_F8_txtdsc,None,None,Feature 8 - txtdsc
SAMPLE_F8_veracc,nan,None,Feature 8 - veracc
SAMPLE_F8_verdat,nan,None,Feature 8 - verdat
SAMPLE_F8_verlen,nan,None,Feature 8 - verlen
SAMPLE_FEATURE_9_SEPARATOR,--- FEATURE 9 ---,--- FEATURE 9 ---,Feature 9 sample
SAMPLE_F9_agen,550,550.0,Feature 9 - agen - VALUES DIFFER!
SAMPLE_F9_buishp,nan,None,Feature 9 - buishp
SAMPLE_F9_condtn,nan,None,Feature 9 - condtn
SAMPLE_F9_conrad,nan,None,Feature 9 - conrad
SAMPLE_F9_convis,nan,None,Feature 9 - convis
SAMPLE_F9_dsid_dsnm,US4CA60M,US4CA60M,Feature 9 - dsid_dsnm
SAMPLE_F9_dsid_edtn,37,37,Feature 9 - dsid_edtn
SAMPLE_F9_dsid_updn,6,6,Feature 9 - dsid_updn
SAMPLE_F9_elevat,nan,None,Feature 9 - elevat
SAMPLE_F9_fidn,273864563,273864563.0,Feature 9 - fidn - VALUES DIFFER!
SAMPLE_F9_fids,4150,4150.0,Feature 9 - fids - VALUES DIFFER!
SAMPLE_F9_geometry,Point(1),Point(1),Feature 9 - geometry
SAMPLE_F9_grup,2,2.0,Feature 9 - grup - VALUES DIFFER!
SAMPLE_F9_height,nan,nan,Feature 9 - height
SAMPLE_F9_inform,None,None,Feature 9 - inform
SAMPLE_F9_lnam,02261052D7731036,02261052D7731036,Feature 9 - lnam
SAMPLE_F9_ninfom,None,None,Feature 9 - ninfom
SAMPLE_F9_nobjnm,None,None,Feature 9 - nobjnm
SAMPLE_F9_ntxtds,None,None,Feature 9 - ntxtds
SAMPLE_F9_objl,12,12.0,Feature 9 - objl - VALUES DIFFER!
SAMPLE_F9_objnam,None,None,Feature 9 - objnam
SAMPLE_F9_picrep,None,None,Feature 9 - picrep
SAMPLE_F9_prim,1,1.0,Feature 9 - prim - VALUES DIFFER!
SAMPLE_F9_rcid,989,989.0,Feature 9 - rcid - VALUES DIFFER!
SAMPLE_F9_recdat,None,None,Feature 9 - recdat
SAMPLE_F9_recind,None,None,Feature 9 - recind
SAMPLE_F9_rver,1,1.0,Feature 9 - rver - VALUES DIFFER!
SAMPLE_F9_scamax,nan,None,Feature 9 - scamax
SAMPLE_F9_scamin,89999,89999,Feature 9 - scamin
SAMPLE_F9_sordat,20090410,20090410,Feature 9 - sordat
SAMPLE_F9_sorind,"US,US,graph,Chart 18746","US,US,graph,Chart 18746",Feature 9 - sorind
SAMPLE_F9_txtdsc,None,None,Feature 9 - txtdsc
SAMPLE_F9_veracc,nan,None,Feature 9 - veracc
SAMPLE_F9_verdat,nan,None,Feature 9 - verdat
SAMPLE_F9_verlen,nan,None,Feature 9 - verlen
SAMPLE_FEATURE_10_SEPARATOR,--- FEATURE 10 ---,--- FEATURE 10 ---,Feature 10 sample
SAMPLE_F10_agen,550,550.0,Feature 10 - agen - VALUES DIFFER!
SAMPLE_F10_buishp,nan,None,Feature 10 - buishp
SAMPLE_F10_condtn,nan,None,Feature 10 - condtn
SAMPLE_F10_conrad,nan,None,Feature 10 - conrad
SAMPLE_F10_convis,nan,None,Feature 10 - convis
SAMPLE_F10_dsid_dsnm,US4CA60M,US4CA60M,Feature 10 - dsid_dsnm
SAMPLE_F10_dsid_edtn,37,37,Feature 10 - dsid_edtn
SAMPLE_F10_dsid_updn,6,6,Feature 10 - dsid_updn
SAMPLE_F10_elevat,nan,None,Feature 10 - elevat
SAMPLE_F10_fidn,274898806,274898806.0,Feature 10 - fidn - VALUES DIFFER!
SAMPLE_F10_fids,4121,4121.0,Feature 10 - fids - VALUES DIFFER!
SAMPLE_F10_geometry,Point(1),Point(1),Feature 10 - geometry
SAMPLE_F10_grup,2,2.0,Feature 10 - grup - VALUES DIFFER!
SAMPLE_F10_height,nan,nan,Feature 10 - height
SAMPLE_F10_inform,None,None,Feature 10 - inform
SAMPLE_F10_lnam,022610629F761019,022610629F761019,Feature 10 - lnam
SAMPLE_F10_ninfom,None,None,Feature 10 - ninfom
SAMPLE_F10_nobjnm,None,None,Feature 10 - nobjnm
SAMPLE_F10_ntxtds,None,None,Feature 10 - ntxtds
SAMPLE_F10_objl,12,12.0,Feature 10 - objl - VALUES DIFFER!
SAMPLE_F10_objnam,None,None,Feature 10 - objnam
SAMPLE_F10_picrep,None,None,Feature 10 - picrep
SAMPLE_F10_prim,1,1.0,Feature 10 - prim - VALUES DIFFER!
SAMPLE_F10_rcid,990,990.0,Feature 10 - rcid - VALUES DIFFER!
SAMPLE_F10_recdat,None,None,Feature 10 - recdat
SAMPLE_F10_recind,None,None,Feature 10 - recind
SAMPLE_F10_rver,1,1.0,Feature 10 - rver - VALUES DIFFER!
SAMPLE_F10_scamax,nan,None,Feature 10 - scamax
SAMPLE_F10_scamin,89999,89999,Feature 10 - scamin
SAMPLE_F10_sordat,200311,200311,Feature 10 - sordat
SAMPLE_F10_sorind,"US,US,graph,Chart 18746","US,US,graph,Chart 18746",Feature 10 - sorind
SAMPLE_F10_txtdsc,None,None,Feature 10 - txtdsc
SAMPLE_F10_veracc,nan,None,Feature 10 - veracc
SAMPLE_F10_verdat,nan,None,Feature 10 - verdat
SAMPLE_F10_verlen,nan,None,Feature 10 - verlen
